ID,DV,TIME
1,0.49093,5.0000E-01
2,0.45157,5.0000E-01
3,1.7338,5.0000E-01
4,0.19799,5.0000E-01
5,0.40591,5.0000E-01
6,0.29415,5.0000E-01
7,0.11249,5.0000E-01
8,0.070459,5.0000E-01
9,0.31076,5.0000E-01
10,0.54215,5.0000E-01
11,0.35396,5.0000E-01
12,0.11098,5.0000E-01
13,0.32717,5.0000E-01
14,0.22373,5.0000E-01
15,1.3793,5.0000E-01
16,0.16603,5.0000E-01
17,0.51703,5.0000E-01
18,0.1568,5.0000E-01
19,0.54205,5.0000E-01
20,0.70292,5.0000E-01
21,0.30739,5.0000E-01
22,0.30282,5.0000E-01
23,0.11557,5.0000E-01
24,0.6033,5.0000E-01
25,1.5908,5.0000E-01
26,0.050814,5.0000E-01
27,1.2929,5.0000E-01
28,0.60263,5.0000E-01
29,0.10986,5.0000E-01
30,0.31918,5.0000E-01
31,1.0014,5.0000E-01
32,1.1545,5.0000E-01
33,0.2313,5.0000E-01
34,0.21285,5.0000E-01
35,0.48137,5.0000E-01
36,0.097804,5.0000E-01
37,0.096049,5.0000E-01
38,0.39153,5.0000E-01
39,0.15559,5.0000E-01
40,0.10351,5.0000E-01
41,0.11936,5.0000E-01
42,0.049761,5.0000E-01
43,0.22405,5.0000E-01
44,0.13384,5.0000E-01
45,0.032157,5.0000E-01
46,0.2664,5.0000E-01
47,0.34134,5.0000E-01
48,0.6724,5.0000E-01
49,0.68386,5.0000E-01
50,0.69581,5.0000E-01
51,0.31413,5.0000E-01
52,0.43865,5.0000E-01
53,0.22103,5.0000E-01
54,0.40013,5.0000E-01
55,0.14718,5.0000E-01
56,0.078098,5.0000E-01
57,1.0466,5.0000E-01
58,0.052909,5.0000E-01
59,0.4302,5.0000E-01
60,0.22938,5.0000E-01
61,0.17443,5.0000E-01
62,0.16758,5.0000E-01
63,0.10663,5.0000E-01
64,0.83101,5.0000E-01
65,1.3339,5.0000E-01
66,0.12617,5.0000E-01
67,0.44765,5.0000E-01
68,0.15615,5.0000E-01
69,0.27602,5.0000E-01
70,0.053285,5.0000E-01
71,0.20986,5.0000E-01
72,0.040643,5.0000E-01
73,0.046543,5.0000E-01
74,0.26904,5.0000E-01
75,0.12847,5.0000E-01
76,0.14201,5.0000E-01
77,0.36531,5.0000E-01
78,0.52292,5.0000E-01
79,0.15926,5.0000E-01
80,0.080959,5.0000E-01
81,0.21088,5.0000E-01
82,0.35293,5.0000E-01
83,0.39405,5.0000E-01
84,0.15184,5.0000E-01
85,0.5336,5.0000E-01
86,0.071391,5.0000E-01
87,0.1475,5.0000E-01
88,0.5835,5.0000E-01
89,0.30038,5.0000E-01
90,0.39337,5.0000E-01
91,0.32002,5.0000E-01
92,0.43577,5.0000E-01
93,0.25372,5.0000E-01
94,0.4023,5.0000E-01
95,0.16554,5.0000E-01
96,0.16563,5.0000E-01
97,0.15319,5.0000E-01
98,0.53457,5.0000E-01
99,0.11526,5.0000E-01
100,0.59049,5.0000E-01
101,1.8298,5.0000E-01
102,0.30233,5.0000E-01
103,0.98234,5.0000E-01
104,0.063035,5.0000E-01
105,0.35123,5.0000E-01
106,0.06179,5.0000E-01
107,0.41924,5.0000E-01
108,0.096381,5.0000E-01
109,0.35757,5.0000E-01
110,0.32929,5.0000E-01
111,0.22838,5.0000E-01
112,0.441,5.0000E-01
113,0.3349,5.0000E-01
114,0.4845,5.0000E-01
115,0.38953,5.0000E-01
116,0.11812,5.0000E-01
117,0.29346,5.0000E-01
118,0.73577,5.0000E-01
119,0.07648,5.0000E-01
120,0.37667,5.0000E-01
121,0.24558,5.0000E-01
122,0.81967,5.0000E-01
123,0.97931,5.0000E-01
124,0.62933,5.0000E-01
125,0.11491,5.0000E-01
126,0.090798,5.0000E-01
127,0.42534,5.0000E-01
128,1.3069,5.0000E-01
129,0.63448,5.0000E-01
130,0.35074,5.0000E-01
131,0.12923,5.0000E-01
132,0.45613,5.0000E-01
133,0.23088,5.0000E-01
134,0.17523,5.0000E-01
135,0.30906,5.0000E-01
136,0.216,5.0000E-01
137,0.51056,5.0000E-01
138,0.12187,5.0000E-01
139,0.26476,5.0000E-01
140,0.2937,5.0000E-01
141,0.31554,5.0000E-01
142,0.17217,5.0000E-01
143,0.095193,5.0000E-01
144,0.47654,5.0000E-01
145,0.22942,5.0000E-01
146,1.0857,5.0000E-01
147,0.15509,5.0000E-01
148,0.51945,5.0000E-01
149,0.47444,5.0000E-01
150,0.207,5.0000E-01
151,0.32211,5.0000E-01
152,0.45795,5.0000E-01
153,0.68909,5.0000E-01
154,0.11784,5.0000E-01
155,0.12667,5.0000E-01
156,0.19794,5.0000E-01
157,0.87052,5.0000E-01
158,0.050554,5.0000E-01
159,0.28325,5.0000E-01
160,0.85589,5.0000E-01
161,0.14408,5.0000E-01
162,0.018726,5.0000E-01
163,0.079621,5.0000E-01
164,0.47193,5.0000E-01
165,0.28121,5.0000E-01
166,0.31826,5.0000E-01
167,0.97526,5.0000E-01
168,0.59023,5.0000E-01
169,0.9343,5.0000E-01
170,0.13903,5.0000E-01
171,1.0296,5.0000E-01
172,0.37746,5.0000E-01
173,0.064536,5.0000E-01
174,0.1803,5.0000E-01
175,0.5835,5.0000E-01
176,0.29535,5.0000E-01
177,0.36667,5.0000E-01
178,0.42208,5.0000E-01
179,0.17159,5.0000E-01
180,2.9401,5.0000E-01
181,0.10858,5.0000E-01
182,0.93973,5.0000E-01
183,0.15968,5.0000E-01
184,0.19625,5.0000E-01
185,0.64882,5.0000E-01
186,0.47515,5.0000E-01
187,1.0016,5.0000E-01
188,0.35645,5.0000E-01
189,0.46444,5.0000E-01
190,0.12628,5.0000E-01
191,0.098934,5.0000E-01
192,0.54873,5.0000E-01
193,0.11139,5.0000E-01
194,0.15455,5.0000E-01
195,0.33404,5.0000E-01
196,0.19037,5.0000E-01
197,1.0117,5.0000E-01
198,0.085751,5.0000E-01
199,0.4216,5.0000E-01
200,0.2864,5.0000E-01
1,0.45651,1.0000E+00
2,0.62618,1.0000E+00
3,2.2858,1.0000E+00
4,0.3231,1.0000E+00
5,0.80241,1.0000E+00
6,0.30409,1.0000E+00
7,0.13807,1.0000E+00
8,0.06879,1.0000E+00
9,0.44236,1.0000E+00
10,0.27995,1.0000E+00
11,0.73861,1.0000E+00
12,0.21027,1.0000E+00
13,0.92041,1.0000E+00
14,0.3897,1.0000E+00
15,2.2498,1.0000E+00
16,0.31692,1.0000E+00
17,0.49504,1.0000E+00
18,0.30843,1.0000E+00
19,1.091,1.0000E+00
20,1.6848,1.0000E+00
21,0.60811,1.0000E+00
22,0.41322,1.0000E+00
23,0.091601,1.0000E+00
24,0.7815,1.0000E+00
25,2.1979,1.0000E+00
26,0.061982,1.0000E+00
27,1.6967,1.0000E+00
28,0.67666,1.0000E+00
29,0.21957,1.0000E+00
30,0.36752,1.0000E+00
31,1.7286,1.0000E+00
32,1.8407,1.0000E+00
33,0.54834,1.0000E+00
34,0.29404,1.0000E+00
35,0.85096,1.0000E+00
36,0.32922,1.0000E+00
37,0.16823,1.0000E+00
38,0.51396,1.0000E+00
39,0.16158,1.0000E+00
40,0.30157,1.0000E+00
41,0.29121,1.0000E+00
42,0.07991,1.0000E+00
43,0.31698,1.0000E+00
44,0.19846,1.0000E+00
45,0.058338,1.0000E+00
46,0.48746,1.0000E+00
47,0.319,1.0000E+00
48,1.0772,1.0000E+00
49,1.4211,1.0000E+00
50,0.7057,1.0000E+00
51,0.43721,1.0000E+00
52,0.63153,1.0000E+00
53,0.30111,1.0000E+00
54,0.40796,1.0000E+00
55,0.21706,1.0000E+00
56,0.14874,1.0000E+00
57,0.85203,1.0000E+00
58,0.096555,1.0000E+00
59,0.61131,1.0000E+00
60,0.35754,1.0000E+00
61,0.27706,1.0000E+00
62,0.32798,1.0000E+00
63,0.33796,1.0000E+00
64,0.895,1.0000E+00
65,2.1123,1.0000E+00
66,0.2429,1.0000E+00
67,0.50805,1.0000E+00
68,0.25433,1.0000E+00
69,0.44079,1.0000E+00
70,0.13182,1.0000E+00
71,0.44233,1.0000E+00
72,0.054642,1.0000E+00
73,0.14267,1.0000E+00
74,0.39786,1.0000E+00
75,0.3671,1.0000E+00
76,0.25249,1.0000E+00
77,0.47722,1.0000E+00
78,0.60941,1.0000E+00
79,0.31193,1.0000E+00
80,0.091654,1.0000E+00
81,0.26665,1.0000E+00
82,0.57702,1.0000E+00
83,0.60721,1.0000E+00
84,0.20583,1.0000E+00
85,0.70611,1.0000E+00
86,0.14393,1.0000E+00
87,0.11704,1.0000E+00
88,0.62979,1.0000E+00
89,0.46362,1.0000E+00
90,0.64024,1.0000E+00
91,0.27296,1.0000E+00
92,0.75991,1.0000E+00
93,0.46915,1.0000E+00
94,0.41486,1.0000E+00
95,0.20661,1.0000E+00
96,0.19881,1.0000E+00
97,0.18538,1.0000E+00
98,0.80907,1.0000E+00
99,0.18174,1.0000E+00
100,0.72758,1.0000E+00
101,2.0246,1.0000E+00
102,0.72501,1.0000E+00
103,0.98728,1.0000E+00
104,0.12631,1.0000E+00
105,0.56643,1.0000E+00
106,0.11965,1.0000E+00
107,0.87202,1.0000E+00
108,0.20009,1.0000E+00
109,0.48031,1.0000E+00
110,0.48212,1.0000E+00
111,0.56083,1.0000E+00
112,0.82561,1.0000E+00
113,0.49236,1.0000E+00
114,0.74881,1.0000E+00
115,0.57774,1.0000E+00
116,0.17921,1.0000E+00
117,0.28439,1.0000E+00
118,0.87027,1.0000E+00
119,0.16871,1.0000E+00
120,0.48319,1.0000E+00
121,0.29977,1.0000E+00
122,0.94962,1.0000E+00
123,1.563,1.0000E+00
124,0.78335,1.0000E+00
125,0.23835,1.0000E+00
126,0.13492,1.0000E+00
127,0.72328,1.0000E+00
128,1.3709,1.0000E+00
129,0.89374,1.0000E+00
130,0.4531,1.0000E+00
131,0.27583,1.0000E+00
132,0.80057,1.0000E+00
133,0.23754,1.0000E+00
134,0.32367,1.0000E+00
135,0.46814,1.0000E+00
136,0.32945,1.0000E+00
137,0.74205,1.0000E+00
138,0.2162,1.0000E+00
139,0.42113,1.0000E+00
140,0.42675,1.0000E+00
141,0.19953,1.0000E+00
142,0.17073,1.0000E+00
143,0.20727,1.0000E+00
144,0.88305,1.0000E+00
145,0.29183,1.0000E+00
146,1.8278,1.0000E+00
147,0.20687,1.0000E+00
148,1.1776,1.0000E+00
149,1.1519,1.0000E+00
150,0.40941,1.0000E+00
151,0.4368,1.0000E+00
152,0.66989,1.0000E+00
153,1.3673,1.0000E+00
154,0.14255,1.0000E+00
155,0.13452,1.0000E+00
156,0.58698,1.0000E+00
157,0.93752,1.0000E+00
158,0.049836,1.0000E+00
159,0.39159,1.0000E+00
160,1.0008,1.0000E+00
161,0.19033,1.0000E+00
162,0.044015,1.0000E+00
163,0.2663,1.0000E+00
164,0.7345,1.0000E+00
165,0.49144,1.0000E+00
166,0.44946,1.0000E+00
167,1.1579,1.0000E+00
168,0.80409,1.0000E+00
169,0.96707,1.0000E+00
170,0.17169,1.0000E+00
171,1.1628,1.0000E+00
172,0.72611,1.0000E+00
173,0.23155,1.0000E+00
174,0.31236,1.0000E+00
175,0.83184,1.0000E+00
176,0.42471,1.0000E+00
177,0.57702,1.0000E+00
178,0.63529,1.0000E+00
179,0.33829,1.0000E+00
180,4.1202,1.0000E+00
181,0.28201,1.0000E+00
182,0.79006,1.0000E+00
183,0.35681,1.0000E+00
184,0.31266,1.0000E+00
185,0.99798,1.0000E+00
186,0.71294,1.0000E+00
187,1.2291,1.0000E+00
188,0.45562,1.0000E+00
189,0.55013,1.0000E+00
190,0.15826,1.0000E+00
191,0.21668,1.0000E+00
192,0.54387,1.0000E+00
193,0.18615,1.0000E+00
194,0.23926,1.0000E+00
195,0.54092,1.0000E+00
196,0.30644,1.0000E+00
197,1.7643,1.0000E+00
198,0.18883,1.0000E+00
199,0.53355,1.0000E+00
200,0.52364,1.0000E+00
1,0.56728,2.0000E+00
2,0.73798,2.0000E+00
3,2.3802,2.0000E+00
4,0.35662,2.0000E+00
5,1.3433,2.0000E+00
6,0.34206,2.0000E+00
7,0.25811,2.0000E+00
8,0.18317,2.0000E+00
9,0.56053,2.0000E+00
10,0.49667,2.0000E+00
11,0.60342,2.0000E+00
12,0.21221,2.0000E+00
13,1.3963,2.0000E+00
14,0.44921,2.0000E+00
15,1.7989,2.0000E+00
16,0.49715,2.0000E+00
17,0.44814,2.0000E+00
18,0.22437,2.0000E+00
19,0.69277,2.0000E+00
20,0.77884,2.0000E+00
21,0.43032,2.0000E+00
22,0.4357,2.0000E+00
23,0.24084,2.0000E+00
24,0.82881,2.0000E+00
25,1.8055,2.0000E+00
26,0.12489,2.0000E+00
27,1.8283,2.0000E+00
28,1.4614,2.0000E+00
29,0.31434,2.0000E+00
30,0.55971,2.0000E+00
31,2.7522,2.0000E+00
32,2.5165,2.0000E+00
33,0.64813,2.0000E+00
34,0.49053,2.0000E+00
35,0.37155,2.0000E+00
36,0.42231,2.0000E+00
37,0.33933,2.0000E+00
38,0.48321,2.0000E+00
39,0.3941,2.0000E+00
40,0.39481,2.0000E+00
41,0.36547,2.0000E+00
42,0.13142,2.0000E+00
43,0.40925,2.0000E+00
44,0.32342,2.0000E+00
45,0.13918,2.0000E+00
46,0.4181,2.0000E+00
47,0.71408,2.0000E+00
48,1.5279,2.0000E+00
49,0.51289,2.0000E+00
50,1.3225,2.0000E+00
51,0.58949,2.0000E+00
52,0.67869,2.0000E+00
53,0.77658,2.0000E+00
54,0.61904,2.0000E+00
55,0.34387,2.0000E+00
56,0.2279,2.0000E+00
57,1.6273,2.0000E+00
58,0.19348,2.0000E+00
59,1.0756,2.0000E+00
60,0.63505,2.0000E+00
61,0.53514,2.0000E+00
62,0.40976,2.0000E+00
63,0.37951,2.0000E+00
64,1.0738,2.0000E+00
65,2.2943,2.0000E+00
66,0.30971,2.0000E+00
67,0.5186,2.0000E+00
68,0.33033,2.0000E+00
69,0.66625,2.0000E+00
70,0.21268,2.0000E+00
71,0.44068,2.0000E+00
72,0.10672,2.0000E+00
73,0.11747,2.0000E+00
74,0.44199,2.0000E+00
75,0.35634,2.0000E+00
76,0.3154,2.0000E+00
77,0.42664,2.0000E+00
78,0.75535,2.0000E+00
79,0.24763,2.0000E+00
80,0.16613,2.0000E+00
81,0.58945,2.0000E+00
82,0.91824,2.0000E+00
83,0.9742,2.0000E+00
84,0.28786,2.0000E+00
85,1.0429,2.0000E+00
86,0.21209,2.0000E+00
87,0.35151,2.0000E+00
88,0.58147,2.0000E+00
89,0.55816,2.0000E+00
90,0.5169,2.0000E+00
91,0.77728,2.0000E+00
92,0.92694,2.0000E+00
93,0.43498,2.0000E+00
94,0.37942,2.0000E+00
95,0.28152,2.0000E+00
96,0.16992,2.0000E+00
97,0.23313,2.0000E+00
98,1.0267,2.0000E+00
99,0.31491,2.0000E+00
100,0.69154,2.0000E+00
101,1.3939,2.0000E+00
102,0.90183,2.0000E+00
103,0.99185,2.0000E+00
104,0.14115,2.0000E+00
105,0.78186,2.0000E+00
106,0.16238,2.0000E+00
107,1.0193,2.0000E+00
108,0.24501,2.0000E+00
109,0.66094,2.0000E+00
110,0.69779,2.0000E+00
111,0.47007,2.0000E+00
112,0.87992,2.0000E+00
113,0.477,2.0000E+00
114,1.1671,2.0000E+00
115,0.92269,2.0000E+00
116,0.20345,2.0000E+00
117,0.45367,2.0000E+00
118,1.0017,2.0000E+00
119,0.19752,2.0000E+00
120,0.50509,2.0000E+00
121,0.32837,2.0000E+00
122,1.3908,2.0000E+00
123,1.4841,2.0000E+00
124,1.0654,2.0000E+00
125,0.37396,2.0000E+00
126,0.25641,2.0000E+00
127,1.0746,2.0000E+00
128,1.1816,2.0000E+00
129,1.1303,2.0000E+00
130,0.78391,2.0000E+00
131,0.26841,2.0000E+00
132,0.90146,2.0000E+00
133,0.53767,2.0000E+00
134,0.2068,2.0000E+00
135,0.39957,2.0000E+00
136,0.4918,2.0000E+00
137,0.99561,2.0000E+00
138,0.2304,2.0000E+00
139,0.95531,2.0000E+00
140,0.73444,2.0000E+00
141,0.40196,2.0000E+00
142,0.52177,2.0000E+00
143,0.24599,2.0000E+00
144,0.79636,2.0000E+00
145,0.43135,2.0000E+00
146,1.142,2.0000E+00
147,0.26367,2.0000E+00
148,0.89074,2.0000E+00
149,1.1124,2.0000E+00
150,0.58888,2.0000E+00
151,0.45947,2.0000E+00
152,0.78205,2.0000E+00
153,1.2388,2.0000E+00
154,0.21039,2.0000E+00
155,0.22312,2.0000E+00
156,0.62102,2.0000E+00
157,1.0676,2.0000E+00
158,0.085637,2.0000E+00
159,0.64954,2.0000E+00
160,1.3246,2.0000E+00
161,0.43241,2.0000E+00
162,0.060547,2.0000E+00
163,0.24776,2.0000E+00
164,0.50485,2.0000E+00
165,0.80243,2.0000E+00
166,0.6952,2.0000E+00
167,2.6935,2.0000E+00
168,1.4953,2.0000E+00
169,0.89523,2.0000E+00
170,0.36455,2.0000E+00
171,1.2239,2.0000E+00
172,0.79876,2.0000E+00
173,0.16023,2.0000E+00
174,0.54381,2.0000E+00
175,0.94792,2.0000E+00
176,0.42553,2.0000E+00
177,0.46311,2.0000E+00
178,0.514,2.0000E+00
179,0.28125,2.0000E+00
180,3.0969,2.0000E+00
181,0.27172,2.0000E+00
182,1.1055,2.0000E+00
183,0.55192,2.0000E+00
184,0.50954,2.0000E+00
185,1.9359,2.0000E+00
186,0.96309,2.0000E+00
187,1.2942,2.0000E+00
188,0.50079,2.0000E+00
189,0.53816,2.0000E+00
190,0.29621,2.0000E+00
191,0.29016,2.0000E+00
192,0.59001,2.0000E+00
193,0.36575,2.0000E+00
194,0.37262,2.0000E+00
195,0.38058,2.0000E+00
196,0.41323,2.0000E+00
197,2.2619,2.0000E+00
198,0.18707,2.0000E+00
199,0.94135,2.0000E+00
200,0.95344,2.0000E+00
1,0.62891,4.0000E+00
2,0.63446,4.0000E+00
3,1.8488,4.0000E+00
4,0.44266,4.0000E+00
5,1.8757,4.0000E+00
6,0.31205,4.0000E+00
7,0.38548,4.0000E+00
8,0.26472,4.0000E+00
9,0.68129,4.0000E+00
10,0.52718,4.0000E+00
11,0.53644,4.0000E+00
12,0.25682,4.0000E+00
13,1.6281,4.0000E+00
14,0.53276,4.0000E+00
15,1.3586,4.0000E+00
16,0.36253,4.0000E+00
17,0.64508,4.0000E+00
18,0.2217,4.0000E+00
19,0.98657,4.0000E+00
20,0.93605,4.0000E+00
21,0.33789,4.0000E+00
22,0.58163,4.0000E+00
23,0.24254,4.0000E+00
24,0.54841,4.0000E+00
25,2.6789,4.0000E+00
26,0.15165,4.0000E+00
27,1.7492,4.0000E+00
28,1.8888,4.0000E+00
29,0.32001,4.0000E+00
30,0.36396,4.0000E+00
31,2.4234,4.0000E+00
32,1.7041,4.0000E+00
33,0.66657,4.0000E+00
34,0.399,4.0000E+00
35,0.44809,4.0000E+00
36,0.89043,4.0000E+00
37,0.27341,4.0000E+00
38,0.38966,4.0000E+00
39,0.33789,4.0000E+00
40,0.40796,4.0000E+00
41,0.13522,4.0000E+00
42,0.11321,4.0000E+00
43,0.35444,4.0000E+00
44,0.34841,4.0000E+00
45,0.16909,4.0000E+00
46,0.47433,4.0000E+00
47,0.70666,4.0000E+00
48,1.9427,4.0000E+00
49,1.2117,4.0000E+00
50,1.0261,4.0000E+00
51,1.1529,4.0000E+00
52,0.37861,4.0000E+00
53,0.46576,4.0000E+00
54,0.60949,4.0000E+00
55,0.22811,4.0000E+00
56,0.25481,4.0000E+00
57,1.0161,4.0000E+00
58,0.38707,4.0000E+00
59,0.81337,4.0000E+00
60,0.37353,4.0000E+00
61,0.59674,4.0000E+00
62,0.79009,4.0000E+00
63,0.54179,4.0000E+00
64,1.0361,4.0000E+00
65,1.7692,4.0000E+00
66,0.31165,4.0000E+00
67,0.60811,4.0000E+00
68,0.3719,4.0000E+00
69,0.50668,4.0000E+00
70,0.21876,4.0000E+00
71,0.72987,4.0000E+00
72,0.27831,4.0000E+00
73,0.15192,4.0000E+00
74,0.59649,4.0000E+00
75,0.45698,4.0000E+00
76,0.40207,4.0000E+00
77,0.39182,4.0000E+00
78,0.83956,4.0000E+00
79,0.29038,4.0000E+00
80,0.27992,4.0000E+00
81,0.42672,4.0000E+00
82,1.0315,4.0000E+00
83,1.079,4.0000E+00
84,0.29034,4.0000E+00
85,0.99285,4.0000E+00
86,0.25822,4.0000E+00
87,0.16547,4.0000E+00
88,0.63818,4.0000E+00
89,0.84097,4.0000E+00
90,0.50219,4.0000E+00
91,0.68177,4.0000E+00
92,0.61954,4.0000E+00
93,0.57366,4.0000E+00
94,0.49167,4.0000E+00
95,0.23196,4.0000E+00
96,0.19864,4.0000E+00
97,0.18888,4.0000E+00
98,1.3186,4.0000E+00
99,0.37213,4.0000E+00
100,0.94313,4.0000E+00
101,1.7589,4.0000E+00
102,0.4176,4.0000E+00
103,1.0234,4.0000E+00
104,0.41658,4.0000E+00
105,0.85661,4.0000E+00
106,0.16882,4.0000E+00
107,0.58934,4.0000E+00
108,0.16358,4.0000E+00
109,0.48296,4.0000E+00
110,0.37248,4.0000E+00
111,0.58393,4.0000E+00
112,0.96505,4.0000E+00
113,0.60039,4.0000E+00
114,1.167,4.0000E+00
115,0.82252,4.0000E+00
116,0.17221,4.0000E+00
117,0.36034,4.0000E+00
118,1.0956,4.0000E+00
119,0.235,4.0000E+00
120,0.21341,4.0000E+00
121,0.34737,4.0000E+00
122,0.67492,4.0000E+00
123,1.3435,4.0000E+00
124,1.0074,4.0000E+00
125,0.39079,4.0000E+00
126,0.38183,4.0000E+00
127,0.70894,4.0000E+00
128,0.7581,4.0000E+00
129,1.4006,4.0000E+00
130,0.60975,4.0000E+00
131,0.36219,4.0000E+00
132,0.2555,4.0000E+00
133,0.60871,4.0000E+00
134,0.20457,4.0000E+00
135,0.34053,4.0000E+00
136,0.40186,4.0000E+00
137,0.73579,4.0000E+00
138,0.18788,4.0000E+00
139,0.81633,4.0000E+00
140,0.43299,4.0000E+00
141,0.22327,4.0000E+00
142,0.64778,4.0000E+00
143,0.42833,4.0000E+00
144,0.29608,4.0000E+00
145,0.24532,4.0000E+00
146,1.4262,4.0000E+00
147,0.37162,4.0000E+00
148,1.1322,4.0000E+00
149,0.84022,4.0000E+00
150,0.53056,4.0000E+00
151,0.8642,4.0000E+00
152,0.45062,4.0000E+00
153,0.87168,4.0000E+00
154,0.18106,4.0000E+00
155,0.36632,4.0000E+00
156,0.95736,4.0000E+00
157,0.55713,4.0000E+00
158,0.10392,4.0000E+00
159,0.30591,4.0000E+00
160,0.72715,4.0000E+00
161,0.59718,4.0000E+00
162,0.18066,4.0000E+00
163,0.49713,4.0000E+00
164,0.50504,4.0000E+00
165,0.44309,4.0000E+00
166,0.66582,4.0000E+00
167,2.0319,4.0000E+00
168,1.4276,4.0000E+00
169,1.2898,4.0000E+00
170,0.32654,4.0000E+00
171,0.81341,4.0000E+00
172,0.46249,4.0000E+00
173,0.30251,4.0000E+00
174,0.6366,4.0000E+00
175,1.5984,4.0000E+00
176,0.40877,4.0000E+00
177,0.57818,4.0000E+00
178,0.45374,4.0000E+00
179,0.45253,4.0000E+00
180,2.4651,4.0000E+00
181,0.20771,4.0000E+00
182,1.0524,4.0000E+00
183,0.45041,4.0000E+00
184,0.41153,4.0000E+00
185,1.5014,4.0000E+00
186,1.5482,4.0000E+00
187,1.0817,4.0000E+00
188,0.48022,4.0000E+00
189,0.33551,4.0000E+00
190,0.3615,4.0000E+00
191,0.25725,4.0000E+00
192,0.57823,4.0000E+00
193,0.49735,4.0000E+00
194,0.1821,4.0000E+00
195,0.51235,4.0000E+00
196,0.38624,4.0000E+00
197,1.793,4.0000E+00
198,0.23992,4.0000E+00
199,0.86787,4.0000E+00
200,0.43312,4.0000E+00
1,0.62058,8.0000E+00
2,0.44623,8.0000E+00
3,1.1556,8.0000E+00
4,0.28999,8.0000E+00
5,1.3191,8.0000E+00
6,0.16285,8.0000E+00
7,0.28948,8.0000E+00
8,0.27866,8.0000E+00
9,0.4691,8.0000E+00
10,0.34172,8.0000E+00
11,0.37962,8.0000E+00
12,0.19307,8.0000E+00
13,1.3097,8.0000E+00
14,0.20855,8.0000E+00
15,0.71565,8.0000E+00
16,0.28093,8.0000E+00
17,0.40774,8.0000E+00
18,0.10068,8.0000E+00
19,0.72697,8.0000E+00
20,0.40469,8.0000E+00
21,0.22439,8.0000E+00
22,0.59131,8.0000E+00
23,0.22971,8.0000E+00
24,0.38701,8.0000E+00
25,2.0526,8.0000E+00
26,0.1607,8.0000E+00
27,0.8024,8.0000E+00
28,1.1851,8.0000E+00
29,0.35742,8.0000E+00
30,0.36482,8.0000E+00
31,1.2194,8.0000E+00
32,2.4333,8.0000E+00
33,0.4754,8.0000E+00
34,0.32391,8.0000E+00
35,0.26446,8.0000E+00
36,1.2113,8.0000E+00
37,0.22927,8.0000E+00
38,0.20871,8.0000E+00
39,0.46625,8.0000E+00
40,0.46594,8.0000E+00
41,0.26415,8.0000E+00
42,0.18271,8.0000E+00
43,0.37415,8.0000E+00
44,0.23848,8.0000E+00
45,0.19452,8.0000E+00
46,0.33805,8.0000E+00
47,0.37314,8.0000E+00
48,0.90848,8.0000E+00
49,0.74141,8.0000E+00
50,0.84375,8.0000E+00
51,0.87407,8.0000E+00
52,0.4609,8.0000E+00
53,0.58064,8.0000E+00
54,0.31107,8.0000E+00
55,0.25545,8.0000E+00
56,0.18718,8.0000E+00
57,0.67073,8.0000E+00
58,0.59711,8.0000E+00
59,1.0365,8.0000E+00
60,0.24474,8.0000E+00
61,0.37734,8.0000E+00
62,0.79823,8.0000E+00
63,0.68428,8.0000E+00
64,0.72288,8.0000E+00
65,0.8697,8.0000E+00
66,0.28004,8.0000E+00
67,0.46202,8.0000E+00
68,0.3428,8.0000E+00
69,0.47548,8.0000E+00
70,0.16203,8.0000E+00
71,0.43032,8.0000E+00
72,0.24092,8.0000E+00
73,0.12502,8.0000E+00
74,0.56033,8.0000E+00
75,0.27759,8.0000E+00
76,0.41295,8.0000E+00
77,0.15862,8.0000E+00
78,0.49301,8.0000E+00
79,0.21923,8.0000E+00
80,0.18131,8.0000E+00
81,0.59754,8.0000E+00
82,0.57802,8.0000E+00
83,0.97826,8.0000E+00
84,0.17854,8.0000E+00
85,1.0258,8.0000E+00
86,0.17667,8.0000E+00
87,0.092599,8.0000E+00
88,0.48272,8.0000E+00
89,0.85219,8.0000E+00
90,0.41534,8.0000E+00
91,0.3677,8.0000E+00
92,0.487,8.0000E+00
93,0.51992,8.0000E+00
94,0.27707,8.0000E+00
95,0.22015,8.0000E+00
96,0.094746,8.0000E+00
97,0.12914,8.0000E+00
98,1.0784,8.0000E+00
99,0.1806,8.0000E+00
100,1.048,8.0000E+00
101,1.258,8.0000E+00
102,0.28136,8.0000E+00
103,0.74588,8.0000E+00
104,0.20088,8.0000E+00
105,0.66979,8.0000E+00
106,0.18922,8.0000E+00
107,0.62949,8.0000E+00
108,0.16339,8.0000E+00
109,0.30913,8.0000E+00
110,0.25526,8.0000E+00
111,0.41979,8.0000E+00
112,0.54743,8.0000E+00
113,0.43387,8.0000E+00
114,0.68568,8.0000E+00
115,0.46363,8.0000E+00
116,0.1132,8.0000E+00
117,0.21924,8.0000E+00
118,0.26749,8.0000E+00
119,0.20373,8.0000E+00
120,0.11948,8.0000E+00
121,0.34321,8.0000E+00
122,0.23383,8.0000E+00
123,0.61106,8.0000E+00
124,1.1843,8.0000E+00
125,0.32202,8.0000E+00
126,0.20246,8.0000E+00
127,0.60978,8.0000E+00
128,0.44438,8.0000E+00
129,0.74012,8.0000E+00
130,0.49389,8.0000E+00
131,0.39084,8.0000E+00
132,0.49,8.0000E+00
133,0.44268,8.0000E+00
134,0.17925,8.0000E+00
135,0.23978,8.0000E+00
136,0.52295,8.0000E+00
137,0.12942,8.0000E+00
138,0.14986,8.0000E+00
139,0.97418,8.0000E+00
140,0.33432,8.0000E+00
141,0.075834,8.0000E+00
142,0.74619,8.0000E+00
143,0.34692,8.0000E+00
144,0.41945,8.0000E+00
145,0.19777,8.0000E+00
146,0.44584,8.0000E+00
147,0.29969,8.0000E+00
148,0.38616,8.0000E+00
149,0.53083,8.0000E+00
150,0.48593,8.0000E+00
151,0.49833,8.0000E+00
152,0.1464,8.0000E+00
153,0.45527,8.0000E+00
154,0.15582,8.0000E+00
155,0.25893,8.0000E+00
156,1.167,8.0000E+00
157,0.79593,8.0000E+00
158,0.07678,8.0000E+00
159,0.49148,8.0000E+00
160,0.59647,8.0000E+00
161,0.41724,8.0000E+00
162,0.20853,8.0000E+00
163,0.48241,8.0000E+00
164,0.41293,8.0000E+00
165,0.33363,8.0000E+00
166,0.38379,8.0000E+00
167,1.1191,8.0000E+00
168,1.0342,8.0000E+00
169,0.36088,8.0000E+00
170,0.26617,8.0000E+00
171,0.50616,8.0000E+00
172,0.32804,8.0000E+00
173,0.1976,8.0000E+00
174,0.35991,8.0000E+00
175,0.44653,8.0000E+00
176,0.19673,8.0000E+00
177,0.32684,8.0000E+00
178,0.19544,8.0000E+00
179,0.58608,8.0000E+00
180,1.3125,8.0000E+00
181,0.30508,8.0000E+00
182,0.37156,8.0000E+00
183,0.40795,8.0000E+00
184,0.35258,8.0000E+00
185,0.69075,8.0000E+00
186,0.90954,8.0000E+00
187,0.61581,8.0000E+00
188,0.38323,8.0000E+00
189,0.3863,8.0000E+00
190,0.30212,8.0000E+00
191,0.17093,8.0000E+00
192,0.53012,8.0000E+00
193,0.3257,8.0000E+00
194,0.1331,8.0000E+00
195,0.24177,8.0000E+00
196,0.30168,8.0000E+00
197,1.1179,8.0000E+00
198,0.21621,8.0000E+00
199,0.526,8.0000E+00
200,0.4628,8.0000E+00
1,0.68202,1.2000E+01
2,0.27102,1.2000E+01
3,0.61031,1.2000E+01
4,0.12449,1.2000E+01
5,1.0387,1.2000E+01
6,0.10264,1.2000E+01
7,0.22947,1.2000E+01
8,0.095482,1.2000E+01
9,0.28592,1.2000E+01
10,0.37652,1.2000E+01
11,0.28614,1.2000E+01
12,0.15026,1.2000E+01
13,1.2192,1.2000E+01
14,0.38423,1.2000E+01
15,0.2589,1.2000E+01
16,0.22466,1.2000E+01
17,0.19976,1.2000E+01
18,0.028611,1.2000E+01
19,0.48981,1.2000E+01
20,0.16124,1.2000E+01
21,0.12153,1.2000E+01
22,0.58531,1.2000E+01
23,0.1649,1.2000E+01
24,0.44196,1.2000E+01
25,1.5297,1.2000E+01
26,0.15089,1.2000E+01
27,0.64971,1.2000E+01
28,0.83026,1.2000E+01
29,0.59432,1.2000E+01
30,0.22583,1.2000E+01
31,1.0669,1.2000E+01
32,1.5893,1.2000E+01
33,0.32406,1.2000E+01
34,0.27853,1.2000E+01
35,0.16856,1.2000E+01
36,1.0977,1.2000E+01
37,0.15776,1.2000E+01
38,0.10391,1.2000E+01
39,0.34834,1.2000E+01
40,0.27866,1.2000E+01
41,0.20154,1.2000E+01
42,0.2518,1.2000E+01
43,0.12407,1.2000E+01
44,0.20145,1.2000E+01
45,0.28718,1.2000E+01
46,0.2633,1.2000E+01
47,0.21424,1.2000E+01
48,0.51848,1.2000E+01
49,0.45612,1.2000E+01
50,0.3818,1.2000E+01
51,0.48279,1.2000E+01
52,0.27284,1.2000E+01
53,0.33821,1.2000E+01
54,0.12406,1.2000E+01
55,0.096815,1.2000E+01
56,0.11368,1.2000E+01
57,0.29093,1.2000E+01
58,0.65939,1.2000E+01
59,0.53163,1.2000E+01
60,0.21069,1.2000E+01
61,0.31421,1.2000E+01
62,0.68681,1.2000E+01
63,0.52451,1.2000E+01
64,0.63554,1.2000E+01
65,0.56355,1.2000E+01
66,0.1754,1.2000E+01
67,0.22507,1.2000E+01
68,0.28627,1.2000E+01
69,0.24606,1.2000E+01
70,0.16595,1.2000E+01
71,0.28747,1.2000E+01
72,0.28952,1.2000E+01
73,0.11576,1.2000E+01
74,0.40649,1.2000E+01
75,0.2199,1.2000E+01
76,0.39955,1.2000E+01
77,0.082837,1.2000E+01
78,0.25026,1.2000E+01
79,0.14681,1.2000E+01
80,0.11504,1.2000E+01
81,0.29235,1.2000E+01
82,0.10597,1.2000E+01
83,0.5712,1.2000E+01
84,0.14198,1.2000E+01
85,0.59912,1.2000E+01
86,0.18202,1.2000E+01
87,0.049166,1.2000E+01
88,0.22175,1.2000E+01
89,0.41865,1.2000E+01
90,0.17242,1.2000E+01
91,0.41004,1.2000E+01
92,0.32803,1.2000E+01
93,0.3676,1.2000E+01
94,0.23033,1.2000E+01
95,0.14428,1.2000E+01
96,0.05198,1.2000E+01
97,0.10915,1.2000E+01
98,0.89164,1.2000E+01
99,0.12384,1.2000E+01
100,0.3954,1.2000E+01
101,0.69366,1.2000E+01
102,0.15958,1.2000E+01
103,0.44094,1.2000E+01
104,0.20943,1.2000E+01
105,0.54847,1.2000E+01
106,0.2182,1.2000E+01
107,0.38871,1.2000E+01
108,0.11286,1.2000E+01
109,0.15647,1.2000E+01
110,0.24223,1.2000E+01
111,0.21431,1.2000E+01
112,0.28423,1.2000E+01
113,0.23791,1.2000E+01
114,0.65708,1.2000E+01
115,0.42689,1.2000E+01
116,0.1274,1.2000E+01
117,0.16545,1.2000E+01
118,0.18616,1.2000E+01
119,0.16054,1.2000E+01
120,0.066591,1.2000E+01
121,0.2188,1.2000E+01
122,0.11774,1.2000E+01
123,0.3768,1.2000E+01
124,0.91939,1.2000E+01
125,0.2609,1.2000E+01
126,0.12274,1.2000E+01
127,0.49977,1.2000E+01
128,0.17363,1.2000E+01
129,0.38667,1.2000E+01
130,0.36428,1.2000E+01
131,0.32635,1.2000E+01
132,0.33793,1.2000E+01
133,0.41231,1.2000E+01
134,0.098374,1.2000E+01
135,0.11055,1.2000E+01
136,0.2687,1.2000E+01
137,0.18738,1.2000E+01
138,0.1792,1.2000E+01
139,0.72405,1.2000E+01
140,0.34944,1.2000E+01
141,0.033209,1.2000E+01
142,0.50994,1.2000E+01
143,0.34809,1.2000E+01
144,0.50161,1.2000E+01
145,0.17744,1.2000E+01
146,0.3223,1.2000E+01
147,0.1584,1.2000E+01
148,0.10184,1.2000E+01
149,0.60735,1.2000E+01
150,0.22448,1.2000E+01
151,0.32907,1.2000E+01
152,0.1546,1.2000E+01
153,0.2608,1.2000E+01
154,0.14147,1.2000E+01
155,0.19908,1.2000E+01
156,0.62283,1.2000E+01
157,0.63381,1.2000E+01
158,0.10032,1.2000E+01
159,0.11152,1.2000E+01
160,0.32281,1.2000E+01
161,0.29284,1.2000E+01
162,0.17863,1.2000E+01
163,0.33684,1.2000E+01
164,0.33315,1.2000E+01
165,0.19735,1.2000E+01
166,0.19728,1.2000E+01
167,0.3541,1.2000E+01
168,0.42582,1.2000E+01
169,0.36762,1.2000E+01
170,0.14513,1.2000E+01
171,0.27497,1.2000E+01
172,0.15251,1.2000E+01
173,0.14951,1.2000E+01
174,0.18587,1.2000E+01
175,0.30779,1.2000E+01
176,0.089316,1.2000E+01
177,0.29011,1.2000E+01
178,0.11187,1.2000E+01
179,0.3142,1.2000E+01
180,0.76937,1.2000E+01
181,0.21731,1.2000E+01
182,0.37355,1.2000E+01
183,0.28624,1.2000E+01
184,0.34104,1.2000E+01
185,0.26417,1.2000E+01
186,0.59253,1.2000E+01
187,0.48425,1.2000E+01
188,0.15925,1.2000E+01
189,0.30492,1.2000E+01
190,0.22356,1.2000E+01
191,0.20769,1.2000E+01
192,0.25131,1.2000E+01
193,0.2743,1.2000E+01
194,0.12342,1.2000E+01
195,0.2294,1.2000E+01
196,0.31768,1.2000E+01
197,1.3794,1.2000E+01
198,0.16994,1.2000E+01
199,0.25699,1.2000E+01
200,0.3719,1.2000E+01
1,0.3921,2.4000E+01
2,0.073013,2.4000E+01
3,0.14537,2.4000E+01
4,0.018858,2.4000E+01
5,0.30467,2.4000E+01
6,0.045658,2.4000E+01
7,0.050495,2.4000E+01
8,0.13507,2.4000E+01
9,0.1273,2.4000E+01
10,0.29666,2.4000E+01
11,0.089369,2.4000E+01
12,0.062484,2.4000E+01
13,0.36438,2.4000E+01
14,0.16867,2.4000E+01
15,0.030391,2.4000E+01
16,0.099685,2.4000E+01
17,0.068279,2.4000E+01
18,0.0025035,2.4000E+01
19,0.16004,2.4000E+01
20,0.027816,2.4000E+01
21,0.016233,2.4000E+01
22,0.18196,2.4000E+01
23,0.068612,2.4000E+01
24,0.26138,2.4000E+01
25,0.71568,2.4000E+01
26,0.095749,2.4000E+01
27,0.21243,2.4000E+01
28,0.26344,2.4000E+01
29,0.31903,2.4000E+01
30,0.16637,2.4000E+01
31,0.54552,2.4000E+01
32,1.1251,2.4000E+01
33,0.10275,2.4000E+01
34,0.12902,2.4000E+01
35,0.017926,2.4000E+01
36,0.22388,2.4000E+01
37,0.13915,2.4000E+01
38,0.019178,2.4000E+01
39,0.14224,2.4000E+01
40,0.17736,2.4000E+01
41,0.068599,2.4000E+01
42,0.086517,2.4000E+01
43,0.04671,2.4000E+01
44,0.14117,2.4000E+01
45,0.17388,2.4000E+01
46,0.086474,2.4000E+01
47,0.06972,2.4000E+01
48,0.024021,2.4000E+01
49,0.084144,2.4000E+01
50,0.14086,2.4000E+01
51,0.12594,2.4000E+01
52,0.2138,2.4000E+01
53,0.10026,2.4000E+01
54,0.0080135,2.4000E+01
55,0.041629,2.4000E+01
56,0.066434,2.4000E+01
57,0.084762,2.4000E+01
58,0.52985,2.4000E+01
59,0.35167,2.4000E+01
60,0.049893,2.4000E+01
61,0.10551,2.4000E+01
62,0.14983,2.4000E+01
63,0.32419,2.4000E+01
64,0.16687,2.4000E+01
65,0.050353,2.4000E+01
66,0.16109,2.4000E+01
67,0.019074,2.4000E+01
68,0.14205,2.4000E+01
69,0.07373,2.4000E+01
70,0.023118,2.4000E+01
71,0.072149,2.4000E+01
72,0.070153,2.4000E+01
73,0.051796,2.4000E+01
74,0.18079,2.4000E+01
75,0.14219,2.4000E+01
76,0.16217,2.4000E+01
77,0.012731,2.4000E+01
78,0.099064,2.4000E+01
79,0.046949,2.4000E+01
80,0.068644,2.4000E+01
81,0.16084,2.4000E+01
82,0.014093,2.4000E+01
83,0.1153,2.4000E+01
84,0.032897,2.4000E+01
85,0.33198,2.4000E+01
86,0.057032,2.4000E+01
87,0.0026298,2.4000E+01
88,0.066203,2.4000E+01
89,0.2284,2.4000E+01
90,0.048898,2.4000E+01
91,0.15001,2.4000E+01
92,0.098947,2.4000E+01
93,0.12197,2.4000E+01
94,0.03636,2.4000E+01
95,0.016944,2.4000E+01
96,0.0060593,2.4000E+01
97,0.067887,2.4000E+01
98,0.40521,2.4000E+01
99,0.031511,2.4000E+01
100,0.11972,2.4000E+01
101,0.15798,2.4000E+01
102,0.0068752,2.4000E+01
103,0.094668,2.4000E+01
104,0.21689,2.4000E+01
105,0.25896,2.4000E+01
106,0.091979,2.4000E+01
107,0.097132,2.4000E+01
108,0.083255,2.4000E+01
109,0.068067,2.4000E+01
110,0.11627,2.4000E+01
111,0.10329,2.4000E+01
112,0.053988,2.4000E+01
113,0.065409,2.4000E+01
114,0.099561,2.4000E+01
115,0.080976,2.4000E+01
116,0.068854,2.4000E+01
117,0.033489,2.4000E+01
118,0.023938,2.4000E+01
119,0.11149,2.4000E+01
120,0.0065464,2.4000E+01
121,0.031364,2.4000E+01
122,0.0067157,2.4000E+01
123,0.086108,2.4000E+01
124,0.49666,2.4000E+01
125,0.1438,2.4000E+01
126,0.062724,2.4000E+01
127,0.26057,2.4000E+01
128,0.06943,2.4000E+01
129,0.041951,2.4000E+01
130,0.39155,2.4000E+01
131,0.2881,2.4000E+01
132,0.15249,2.4000E+01
133,0.15629,2.4000E+01
134,0.033557,2.4000E+01
135,0.040385,2.4000E+01
136,0.18549,2.4000E+01
137,0.023764,2.4000E+01
138,0.0896,2.4000E+01
139,0.29895,2.4000E+01
140,0.10711,2.4000E+01
141,0.00068601,2.4000E+01
142,0.23523,2.4000E+01
143,0.12967,2.4000E+01
144,0.18256,2.4000E+01
145,0.039801,2.4000E+01
146,0.038408,2.4000E+01
147,0.016853,2.4000E+01
148,0.0023392,2.4000E+01
149,0.10533,2.4000E+01
150,0.045468,2.4000E+01
151,0.13309,2.4000E+01
152,0.019954,2.4000E+01
153,0.023059,2.4000E+01
154,0.10098,2.4000E+01
155,0.11745,2.4000E+01
156,0.42206,2.4000E+01
157,0.26443,2.4000E+01
158,0.05992,2.4000E+01
159,0.097606,2.4000E+01
160,0.054621,2.4000E+01
161,0.2459,2.4000E+01
162,0.17851,2.4000E+01
163,0.13061,2.4000E+01
164,0.22791,2.4000E+01
165,0.037783,2.4000E+01
166,0.012013,2.4000E+01
167,0.051103,2.4000E+01
168,0.086934,2.4000E+01
169,0.11434,2.4000E+01
170,0.032236,2.4000E+01
171,0.062911,2.4000E+01
172,0.015086,2.4000E+01
173,0.1074,2.4000E+01
174,0.095344,2.4000E+01
175,0.021082,2.4000E+01
176,0.026361,2.4000E+01
177,0.061352,2.4000E+01
178,0.016765,2.4000E+01
179,0.038344,2.4000E+01
180,0.19151,2.4000E+01
181,0.12746,2.4000E+01
182,0.097396,2.4000E+01
183,0.18857,2.4000E+01
184,0.1011,2.4000E+01
185,0.028126,2.4000E+01
186,0.14043,2.4000E+01
187,0.071407,2.4000E+01
188,0.042759,2.4000E+01
189,0.15726,2.4000E+01
190,0.18486,2.4000E+01
191,0.091108,2.4000E+01
192,0.15682,2.4000E+01
193,0.12034,2.4000E+01
194,0.064292,2.4000E+01
195,0.075788,2.4000E+01
196,0.14587,2.4000E+01
197,0.49297,2.4000E+01
198,0.08616,2.4000E+01
199,0.11012,2.4000E+01
200,0.060586,2.4000E+01
1,0.16356,3.6000E+01
2,0.022495,3.6000E+01
3,0.034341,3.6000E+01
4,0.0024995,3.6000E+01
5,0.18975,3.6000E+01
6,0.010284,3.6000E+01
7,0.022912,3.6000E+01
8,0.06614,3.6000E+01
9,0.04863,3.6000E+01
10,0.25952,3.6000E+01
11,0.030905,3.6000E+01
12,0.012872,3.6000E+01
13,0.1764,3.6000E+01
14,0.087372,3.6000E+01
15,0.0031506,3.6000E+01
16,0.062288,3.6000E+01
17,0.019373,3.6000E+01
18,7.2611e-05,3.6000E+01
19,0.077475,3.6000E+01
20,0.0036076,3.6000E+01
21,0.0043903,3.6000E+01
22,0.07455,3.6000E+01
23,0.042162,3.6000E+01
24,0.16946,3.6000E+01
25,0.2871,3.6000E+01
26,0.054469,3.6000E+01
27,0.062579,3.6000E+01
28,0.074914,3.6000E+01
29,0.3401,3.6000E+01
30,0.049154,3.6000E+01
31,0.31756,3.6000E+01
32,0.46507,3.6000E+01
33,0.0252,3.6000E+01
34,0.04967,3.6000E+01
35,0.008104,3.6000E+01
36,0.084307,3.6000E+01
37,0.057788,3.6000E+01
38,0.0026967,3.6000E+01
39,0.10864,3.6000E+01
40,0.16293,3.6000E+01
41,0.021338,3.6000E+01
42,0.034955,3.6000E+01
43,0.0090173,3.6000E+01
44,0.041966,3.6000E+01
45,0.051486,3.6000E+01
46,0.034845,3.6000E+01
47,0.035555,3.6000E+01
48,0.0021361,3.6000E+01
49,0.026816,3.6000E+01
50,0.041564,3.6000E+01
51,0.018059,3.6000E+01
52,0.10952,3.6000E+01
53,0.034883,3.6000E+01
54,0.00061832,3.6000E+01
55,0.013137,3.6000E+01
56,0.022309,3.6000E+01
57,0.015844,3.6000E+01
58,0.23795,3.6000E+01
59,0.10696,3.6000E+01
60,0.015688,3.6000E+01
61,0.076078,3.6000E+01
62,0.039598,3.6000E+01
63,0.14846,3.6000E+01
64,0.11731,3.6000E+01
65,0.019888,3.6000E+01
66,0.074073,3.6000E+01
67,0.00247,3.6000E+01
68,0.081417,3.6000E+01
69,0.012994,3.6000E+01
70,0.0081749,3.6000E+01
71,0.038115,3.6000E+01
72,0.076351,3.6000E+01
73,0.027276,3.6000E+01
74,0.093049,3.6000E+01
75,0.043306,3.6000E+01
76,0.055042,3.6000E+01
77,0.0020583,3.6000E+01
78,0.034398,3.6000E+01
79,0.02387,3.6000E+01
80,0.024937,3.6000E+01
81,0.065414,3.6000E+01
82,0.001193,3.6000E+01
83,0.037648,3.6000E+01
84,0.011391,3.6000E+01
85,0.17813,3.6000E+01
86,0.012847,3.6000E+01
87,0.0002756,3.6000E+01
88,0.053604,3.6000E+01
89,0.10723,3.6000E+01
90,0.0099182,3.6000E+01
91,0.059798,3.6000E+01
92,0.028938,3.6000E+01
93,0.045654,3.6000E+01
94,0.014303,3.6000E+01
95,0.004398,3.6000E+01
96,0.00064837,3.6000E+01
97,0.043665,3.6000E+01
98,0.13367,3.6000E+01
99,0.0091231,3.6000E+01
100,0.018268,3.6000E+01
101,0.040353,3.6000E+01
102,0.0012513,3.6000E+01
103,0.036715,3.6000E+01
104,0.10815,3.6000E+01
105,0.16098,3.6000E+01
106,0.066122,3.6000E+01
107,0.035509,3.6000E+01
108,0.038182,3.6000E+01
109,0.013124,3.6000E+01
110,0.058232,3.6000E+01
111,0.078588,3.6000E+01
112,0.0081691,3.6000E+01
113,0.015402,3.6000E+01
114,0.014307,3.6000E+01
115,0.012094,3.6000E+01
116,0.051416,3.6000E+01
117,0.013892,3.6000E+01
118,0.0029045,3.6000E+01
119,0.062608,3.6000E+01
120,0.00052055,3.6000E+01
121,0.047415,3.6000E+01
122,0.00027433,3.6000E+01
123,0.016077,3.6000E+01
124,0.18158,3.6000E+01
125,0.09053,3.6000E+01
126,0.041137,3.6000E+01
127,0.069197,3.6000E+01
128,0.011382,3.6000E+01
129,0.010086,3.6000E+01
130,0.10334,3.6000E+01
131,0.14989,3.6000E+01
132,0.050852,3.6000E+01
133,0.075694,3.6000E+01
134,0.023113,3.6000E+01
135,0.0086339,3.6000E+01
136,0.093041,3.6000E+01
137,0.0025574,3.6000E+01
138,0.05921,3.6000E+01
139,0.11137,3.6000E+01
140,0.037654,3.6000E+01
141,1.7104e-05,3.6000E+01
142,0.18491,3.6000E+01
143,0.039242,3.6000E+01
144,0.074843,3.6000E+01
145,0.016152,3.6000E+01
146,0.0094167,3.6000E+01
147,0.0020843,3.6000E+01
148,5.9352e-05,3.6000E+01
149,0.048133,3.6000E+01
150,0.0084029,3.6000E+01
151,0.058491,3.6000E+01
152,0.0030627,3.6000E+01
153,0.0013396,3.6000E+01
154,0.04885,3.6000E+01
155,0.097199,3.6000E+01
156,0.15414,3.6000E+01
157,0.1127,3.6000E+01
158,0.046751,3.6000E+01
159,0.045099,3.6000E+01
160,0.0071749,3.6000E+01
161,0.098683,3.6000E+01
162,0.12222,3.6000E+01
163,0.035624,3.6000E+01
164,0.10654,3.6000E+01
165,0.0080864,3.6000E+01
166,0.00093616,3.6000E+01
167,0.0046742,3.6000E+01
168,0.020582,3.6000E+01
169,0.017857,3.6000E+01
170,0.0054111,3.6000E+01
171,0.015098,3.6000E+01
172,0.0018444,3.6000E+01
173,0.11034,3.6000E+01
174,0.033537,3.6000E+01
175,0.003982,3.6000E+01
176,0.0052889,3.6000E+01
177,0.02108,3.6000E+01
178,0.0016315,3.6000E+01
179,0.015418,3.6000E+01
180,0.024744,3.6000E+01
181,0.10183,3.6000E+01
182,0.021841,3.6000E+01
183,0.086095,3.6000E+01
184,0.056853,3.6000E+01
185,0.0032479,3.6000E+01
186,0.023751,3.6000E+01
187,0.0096489,3.6000E+01
188,0.016915,3.6000E+01
189,0.097344,3.6000E+01
190,0.097759,3.6000E+01
191,0.041499,3.6000E+01
192,0.056973,3.6000E+01
193,0.077236,3.6000E+01
194,0.039143,3.6000E+01
195,0.040727,3.6000E+01
196,0.052295,3.6000E+01
197,0.19316,3.6000E+01
198,0.066972,3.6000E+01
199,0.026042,3.6000E+01
200,0.016387,3.6000E+01
