ID,DV,TIME
1,0.556340795511318,5.0000E-01
2,0.379727269512647,5.0000E-01
3,1.20504146887595,5.0000E-01
4,0.197454312770563,5.0000E-01
5,0.256267242169268,5.0000E-01
6,0.357789679495112,5.0000E-01
7,0.164229385087632,5.0000E-01
8,0.141176529999321,5.0000E-01
9,0.235989052046046,5.0000E-01
10,0.540098621621622,5.0000E-01
11,0.486192122228433,5.0000E-01
12,0.171608717357105,5.0000E-01
13,0.284003207536061,5.0000E-01
14,0.204404208699963,5.0000E-01
15,0.916095283571332,5.0000E-01
16,0.256342878684748,5.0000E-01
17,0.430488497854077,5.0000E-01
18,0.245903228208265,5.0000E-01
19,0.649121604938272,5.0000E-01
20,0.699858357024682,5.0000E-01
21,0.643452567615532,5.0000E-01
22,0.3488107875,5.0000E-01
23,0.150433837732851,5.0000E-01
24,0.852833672099712,5.0000E-01
25,1.15951924065652,5.0000E-01
26,0.059861900523351,5.0000E-01
27,1.0322197157168,5.0000E-01
28,0.567163074173369,5.0000E-01
29,0.15655302179481,5.0000E-01
30,0.489162717114495,5.0000E-01
31,0.750064345043054,5.0000E-01
32,0.672219729879157,5.0000E-01
33,0.223603396387241,5.0000E-01
34,0.348385923623446,5.0000E-01
35,0.328617630744299,5.0000E-01
36,0.0916384199288256,5.0000E-01
37,0.0910061343101343,5.0000E-01
38,0.36845178362853,5.0000E-01
39,0.161085524892915,5.0000E-01
40,0.0551843734519354,5.0000E-01
41,0.170238823700121,5.0000E-01
42,0.0670207530830365,5.0000E-01
43,0.276944433266264,5.0000E-01
44,0.197590563732853,5.0000E-01
45,0.0416609822064057,5.0000E-01
46,0.473371690268153,5.0000E-01
47,0.264073720222479,5.0000E-01
48,0.371062621877047,5.0000E-01
49,0.407345998990001,5.0000E-01
50,0.68507663706177,5.0000E-01
51,0.350661168988492,5.0000E-01
52,0.831025454545455,5.0000E-01
53,0.183499891325769,5.0000E-01
54,0.688954422515474,5.0000E-01
55,0.156782163138502,5.0000E-01
56,0.12569336447986,5.0000E-01
57,0.746381793997437,5.0000E-01
58,0.048287854905602,5.0000E-01
59,0.387008072241374,5.0000E-01
60,0.211499247678309,5.0000E-01
61,0.148964402096788,5.0000E-01
62,0.114500186292229,5.0000E-01
63,0.110489333052217,5.0000E-01
64,1.07505584276564,5.0000E-01
65,0.775100857193529,5.0000E-01
66,0.204288433999561,5.0000E-01
67,0.238066354061463,5.0000E-01
68,0.202977791492175,5.0000E-01
69,0.177985518478023,5.0000E-01
70,0.0769475063663076,5.0000E-01
71,0.216762467336859,5.0000E-01
72,0.0535681752111921,5.0000E-01
73,0.0842568594757198,5.0000E-01
74,0.332667373364643,5.0000E-01
75,0.0982066976020739,5.0000E-01
76,0.111053115519253,5.0000E-01
77,0.419578611825193,5.0000E-01
78,0.580064889591092,5.0000E-01
79,0.188023336669736,5.0000E-01
80,0.116460265964193,5.0000E-01
81,0.240688552407493,5.0000E-01
82,0.239488214285714,5.0000E-01
83,0.603278459062354,5.0000E-01
84,0.163404909309879,5.0000E-01
85,0.402733473253135,5.0000E-01
86,0.10898621909298,5.0000E-01
87,0.249898305084746,5.0000E-01
88,0.427250893921335,5.0000E-01
89,0.265850454409028,5.0000E-01
90,0.365218178268946,5.0000E-01
91,0.30676645731747,5.0000E-01
92,0.255700755362757,5.0000E-01
93,0.199464004905489,5.0000E-01
94,0.385576182273215,5.0000E-01
95,0.246052901859973,5.0000E-01
96,0.301413073315231,5.0000E-01
97,0.184513794624622,5.0000E-01
98,0.401226841783751,5.0000E-01
99,0.147235612545486,5.0000E-01
100,0.58138127278798,5.0000E-01
101,1.84292446205342,5.0000E-01
102,0.209461656877026,5.0000E-01
103,1.00159890460219,5.0000E-01
104,0.0557755530216648,5.0000E-01
105,0.367298043832896,5.0000E-01
106,0.105449593147752,5.0000E-01
107,0.567844799044601,5.0000E-01
108,0.170480650710815,5.0000E-01
109,0.658672173913044,5.0000E-01
110,0.26403370458995,5.0000E-01
111,0.16459658902603,5.0000E-01
112,0.303900539833142,5.0000E-01
113,0.335468822610232,5.0000E-01
114,0.496453401904232,5.0000E-01
115,0.396180479426068,5.0000E-01
116,0.198536397628819,5.0000E-01
117,0.268185715436824,5.0000E-01
118,0.86343464501751,5.0000E-01
119,0.12132133197052,5.0000E-01
120,0.578020657785179,5.0000E-01
121,0.399804728095843,5.0000E-01
122,1.10070717974407,5.0000E-01
123,1.24527353514446,5.0000E-01
124,0.433084785064177,5.0000E-01
125,0.0857839513924051,5.0000E-01
126,0.0648796022099447,5.0000E-01
127,0.28806674138723,5.0000E-01
128,2.0125263564677,5.0000E-01
129,0.373369511873878,5.0000E-01
130,0.267992151944653,5.0000E-01
131,0.162241750681199,5.0000E-01
132,0.448330436985434,5.0000E-01
133,0.284933014145811,5.0000E-01
134,0.364502133182844,5.0000E-01
135,0.464906457174922,5.0000E-01
136,0.26782474140106,5.0000E-01
137,0.449763795184322,5.0000E-01
138,0.131377588652482,5.0000E-01
139,0.158948712895476,5.0000E-01
140,0.453697186861543,5.0000E-01
141,0.602710423630004,5.0000E-01
142,0.223890852002117,5.0000E-01
143,0.154615873533462,5.0000E-01
144,0.410811305618897,5.0000E-01
145,0.501455560002965,5.0000E-01
146,0.831388843876597,5.0000E-01
147,0.136394092454518,5.0000E-01
148,0.408587628370989,5.0000E-01
149,0.316923856469735,5.0000E-01
150,0.205011620877276,5.0000E-01
151,0.276300424120778,5.0000E-01
152,0.384040883883628,5.0000E-01
153,0.49843956925945,5.0000E-01
154,0.0811277997758685,5.0000E-01
155,0.119543140241951,5.0000E-01
156,0.179209540067547,5.0000E-01
157,1.1218378533345,5.0000E-01
158,0.0913553347223925,5.0000E-01
159,0.28322118612458,5.0000E-01
160,0.855977083940987,5.0000E-01
161,0.226099251769464,5.0000E-01
162,0.0369532415177675,5.0000E-01
163,0.07402074617737,5.0000E-01
164,0.459131370504784,5.0000E-01
165,0.447701138106036,5.0000E-01
166,0.279568973755548,5.0000E-01
167,0.70358826833684,5.0000E-01
168,0.369408940677067,5.0000E-01
169,0.769549409234379,5.0000E-01
170,0.195615833571906,5.0000E-01
171,1.00589221747341,5.0000E-01
172,0.516019493741307,5.0000E-01
173,0.0980441817619784,5.0000E-01
174,0.193439563398217,5.0000E-01
175,0.303825540330555,5.0000E-01
176,0.3628867,5.0000E-01
177,0.58473662646693,5.0000E-01
178,0.291892472795497,5.0000E-01
179,0.120941891627029,5.0000E-01
180,2.3263300633251,5.0000E-01
181,0.110308242265555,5.0000E-01
182,0.899962919034783,5.0000E-01
183,0.206537583998596,5.0000E-01
184,0.124790184154914,5.0000E-01
185,0.392564256314504,5.0000E-01
186,0.432966323661197,5.0000E-01
187,0.93400736196319,5.0000E-01
188,0.583231472644546,5.0000E-01
189,0.528882283066229,5.0000E-01
190,0.168046601380929,5.0000E-01
191,0.0925530849909584,5.0000E-01
192,0.872664774026535,5.0000E-01
193,0.117292826739037,5.0000E-01
194,0.102470385609893,5.0000E-01
195,0.325550170869551,5.0000E-01
196,0.172408800982801,5.0000E-01
197,0.928596183895166,5.0000E-01
198,0.159625370115523,5.0000E-01
199,0.270040853208219,5.0000E-01
200,0.193408216919342,5.0000E-01
1,0.516902745704718,1.0000E+00
2,0.527187270348785,1.0000E+00
3,1.59278214333717,1.0000E+00
4,0.322240177197332,1.0000E+00
5,0.508261262709909,1.0000E+00
6,0.369400868393647,1.0000E+00
7,0.201082376084649,1.0000E+00
8,0.137243212254671,1.0000E+00
9,0.336572301997554,1.0000E+00
10,0.278895017187633,1.0000E+00
11,1.01246139119833,1.0000E+00
12,0.324237187778843,1.0000E+00
13,0.799751771820704,1.0000E+00
14,0.356261038617528,1.0000E+00
15,1.49863010692821,1.0000E+00
16,0.487950131661442,1.0000E+00
17,0.412698438063928,1.0000E+00
18,0.482310797808164,1.0000E+00
19,1.30496845599733,1.0000E+00
20,1.67751964491486,1.0000E+00
21,1.26721042137466,1.0000E+00
22,0.475536776174621,1.0000E+00
23,0.119027984279269,1.0000E+00
24,1.10230952992745,1.0000E+00
25,1.60560049865356,1.0000E+00
26,0.0729394483984868,1.0000E+00
27,1.35674064968895,1.0000E+00
28,0.637097025041871,1.0000E+00
29,0.312177049637394,1.0000E+00
30,0.561723645178197,1.0000E+00
31,1.29738147760906,1.0000E+00
32,1.07595732620924,1.0000E+00
33,0.530220711858084,1.0000E+00
34,0.479762191138931,1.0000E+00
35,0.58249762513937,1.0000E+00
36,0.30860737283028,1.0000E+00
37,0.159455739431613,1.0000E+00
38,0.483860954360195,1.0000E+00
39,0.167248813390124,1.0000E+00
40,0.161517773766615,1.0000E+00
41,0.41438587968893,1.0000E+00
42,0.107420358542207,1.0000E+00
43,0.391273235714286,1.0000E+00
44,0.292253254536847,1.0000E+00
45,0.0754524312839561,1.0000E+00
46,0.863075925701059,1.0000E+00
47,0.247232418111753,1.0000E+00
48,0.597030544271019,1.0000E+00
49,0.849653585294909,1.0000E+00
50,0.694880537500528,1.0000E+00
51,0.487711580639763,1.0000E+00
52,1.19168819650584,1.0000E+00
53,0.2503053989845,1.0000E+00
54,0.700029774198294,1.0000E+00
55,0.231120035371169,1.0000E+00
56,0.238664810688126,1.0000E+00
57,0.609080507193087,1.0000E+00
58,0.0881783453867533,1.0000E+00
59,0.550337049624728,1.0000E+00
60,0.32985284779342,1.0000E+00
61,0.236871171760481,1.0000E+00
62,0.224699480368837,1.0000E+00
63,0.350112003108348,1.0000E+00
64,1.1558971573295,1.0000E+00
65,1.23224762574547,1.0000E+00
66,0.392097995156547,1.0000E+00
67,0.271439552225988,1.0000E+00
68,0.33003978849149,1.0000E+00
69,0.285126654998406,1.0000E+00
70,0.189911238768642,1.0000E+00
71,0.456774447481409,1.0000E+00
72,0.0718897053150994,1.0000E+00
73,0.257321641476614,1.0000E+00
74,0.491278711461614,1.0000E+00
75,0.281148684426499,1.0000E+00
76,0.197788213602176,1.0000E+00
77,0.547608248241602,1.0000E+00
78,0.675538484628908,1.0000E+00
79,0.367853658065005,1.0000E+00
80,0.131532919539876,1.0000E+00
81,0.304080449579627,1.0000E+00
82,0.392630588140932,1.0000E+00
83,0.927067667779196,1.0000E+00
84,0.221395718780977,1.0000E+00
85,0.53399146736576,1.0000E+00
86,0.219130806767383,1.0000E+00
87,0.197634187898089,1.0000E+00
88,0.462155361490312,1.0000E+00
89,0.410666667742425,1.0000E+00
90,0.594729808480987,1.0000E+00
91,0.261732745319661,1.0000E+00
92,0.44762183311872,1.0000E+00
93,0.369450379318493,1.0000E+00
94,0.397730797222051,1.0000E+00
95,0.306323894855581,1.0000E+00
96,0.360443549696923,1.0000E+00
97,0.223011862785541,1.0000E+00
98,0.608481514885318,1.0000E+00
99,0.231792519407391,1.0000E+00
100,0.716440202806795,1.0000E+00
101,2.03899900064753,1.0000E+00
102,0.503611684853808,1.0000E+00
103,1.00653289837656,1.0000E+00
104,0.111857755940632,1.0000E+00
105,0.592161242718229,1.0000E+00
106,0.203507059927824,1.0000E+00
107,1.17881611977054,1.0000E+00
108,0.35266495504854,1.0000E+00
109,0.881386889723522,1.0000E+00
110,0.387172182368937,1.0000E+00
111,0.405134575792293,1.0000E+00
112,0.570442460425582,1.0000E+00
113,0.493189743028273,1.0000E+00
114,0.767167296730562,1.0000E+00
115,0.587542981408426,1.0000E+00
116,0.300224364318541,1.0000E+00
117,0.260053604142986,1.0000E+00
118,1.02018348026531,1.0000E+00
119,0.266844889661017,1.0000E+00
120,0.739460257961888,1.0000E+00
121,0.486525385752548,1.0000E+00
122,1.27276575963002,1.0000E+00
123,1.9843491102525,1.0000E+00
124,0.54049922106057,1.0000E+00
125,0.178300122246449,1.0000E+00
126,0.0966351944124645,1.0000E+00
127,0.491214112338617,1.0000E+00
128,2.10530587993286,1.0000E+00
129,0.52794679609561,1.0000E+00
130,0.346853580686442,1.0000E+00
131,0.34577496265549,1.0000E+00
132,0.786984007479195,1.0000E+00
133,0.29275727383185,1.0000E+00
134,0.670229457462389,1.0000E+00
135,0.70235300096463,1.0000E+00
136,0.407917744268124,1.0000E+00
137,0.654264587585034,1.0000E+00
138,0.232947324789285,1.0000E+00
139,0.253757541615549,1.0000E+00
140,0.657420154021395,1.0000E+00
141,0.379595940430563,1.0000E+00
142,0.221639765038117,1.0000E+00
143,0.33562778292556,1.0000E+00
144,0.762038718581812,1.0000E+00
145,0.634838075667863,1.0000E+00
146,1.40226301155889,1.0000E+00
147,0.18209422662617,1.0000E+00
148,0.927832272880783,1.0000E+00
149,0.771684849028701,1.0000E+00
150,0.405503532127619,1.0000E+00
151,0.375068911831281,1.0000E+00
152,0.562464818970326,1.0000E+00
153,0.991276035208751,1.0000E+00
154,0.0984009190904518,1.0000E+00
155,0.127000848609931,1.0000E+00
156,0.531788926837793,1.0000E+00
157,1.20617129732264,1.0000E+00
158,0.0897253759067757,1.0000E+00
159,0.39155223737785,1.0000E+00
160,1.00089652984675,1.0000E+00
161,0.297820270129783,1.0000E+00
162,0.0864905408507054,1.0000E+00
163,0.247691116316157,1.0000E+00
164,0.714732069864442,1.0000E+00
165,0.780102901272369,1.0000E+00
166,0.395168247032222,1.0000E+00
167,0.837264986517481,1.0000E+00
168,0.504951983889854,1.0000E+00
169,0.797606679246284,1.0000E+00
170,0.241040155107567,1.0000E+00
171,1.13619673730943,1.0000E+00
172,0.990641214766082,1.0000E+00
173,0.350836409319695,1.0000E+00
174,0.334970384279476,1.0000E+00
175,0.43520893533521,1.0000E+00
176,0.521109609892711,1.0000E+00
177,0.917449215906768,1.0000E+00
178,0.440489698264333,1.0000E+00
179,0.239027837164577,1.0000E+00
180,3.26544378407759,1.0000E+00
181,0.286470415496484,1.0000E+00
182,0.756863724592453,1.0000E+00
183,0.460732702227757,1.0000E+00
184,0.1994580231334,1.0000E+00
185,0.606002704450807,1.0000E+00
186,0.650058115217009,1.0000E+00
187,1.14670861893146,1.0000E+00
188,0.743191798287013,1.0000E+00
189,0.625915404413558,1.0000E+00
190,0.210212151844682,1.0000E+00
191,0.202799840731751,1.0000E+00
192,0.862390480017671,1.0000E+00
193,0.195945268685,1.0000E+00
194,0.159100330207502,1.0000E+00
195,0.52726365714047,1.0000E+00
196,0.2777185040303,1.0000E+00
197,1.62033964865663,1.0000E+00
198,0.350145586178119,1.0000E+00
199,0.342837929146871,1.0000E+00
200,0.35460705330837,1.0000E+00
1,0.641094962369777,2.0000E+00
2,0.623044918988534,2.0000E+00
3,1.66846896817367,2.0000E+00
4,0.355683614337598,2.0000E+00
5,0.857377207960803,2.0000E+00
6,0.414284898384886,2.0000E+00
7,0.37379873161983,2.0000E+00
8,0.36181475618844,2.0000E+00
9,0.428388658973813,2.0000E+00
10,0.494831593754086,2.0000E+00
11,0.823195909731701,2.0000E+00
12,0.325119713391803,2.0000E+00
13,1.21600068066567,2.0000E+00
14,0.41125528974952,2.0000E+00
15,1.20638042383042,2.0000E+00
16,0.76051986864226,2.0000E+00
17,0.374697650277721,2.0000E+00
18,0.348531842816011,2.0000E+00
19,0.826372447807627,2.0000E+00
20,0.775526247345899,2.0000E+00
21,0.88729576757872,2.0000E+00
22,0.500323375901754,2.0000E+00
23,0.311706422248169,2.0000E+00
24,1.16297219791475,2.0000E+00
25,1.32575198730533,2.0000E+00
26,0.146600329148776,2.0000E+00
27,1.46727777755838,2.0000E+00
28,1.37728178979425,2.0000E+00
29,0.444555425211098,2.0000E+00
30,0.850057296721638,2.0000E+00
31,2.07534105678487,2.0000E+00
32,1.48432353666796,2.0000E+00
33,0.627050218440054,2.0000E+00
34,0.794595778377086,2.0000E+00
35,0.255928633852307,2.0000E+00
36,0.396280441819301,2.0000E+00
37,0.32190808550533,2.0000E+00
38,0.455354188963599,2.0000E+00
39,0.40770568206886,2.0000E+00
40,0.21372570640206,2.0000E+00
41,0.517310052819763,2.0000E+00
42,0.175873342918606,2.0000E+00
43,0.503534427346115,2.0000E+00
44,0.473510770874859,2.0000E+00
45,0.179307262795317,2.0000E+00
46,0.734086212308844,2.0000E+00
47,0.555730296539311,2.0000E+00
48,0.85536443939394,2.0000E+00
49,0.309314425709764,2.0000E+00
50,1.3025553522674,2.0000E+00
51,0.656459880082563,2.0000E+00
52,1.26891177609789,2.0000E+00
53,0.647473920160827,2.0000E+00
54,1.05380959763214,2.0000E+00
55,0.365790872504886,2.0000E+00
56,0.363128886362448,2.0000E+00
57,1.16972620263164,2.0000E+00
58,0.176949114774756,2.0000E+00
59,0.969936423743104,2.0000E+00
60,0.586625970105155,2.0000E+00
61,0.458674769362707,2.0000E+00
62,0.282487570024765,2.0000E+00
63,0.392945379748985,2.0000E+00
64,1.38143353731879,2.0000E+00
65,1.35064838402858,2.0000E+00
66,0.496401530220575,2.0000E+00
67,0.280041703277236,2.0000E+00
68,0.426966599847351,2.0000E+00
69,0.434099588271757,2.0000E+00
70,0.304727204230317,2.0000E+00
71,0.454844101444123,2.0000E+00
72,0.139822878019427,2.0000E+00
73,0.210055062034376,2.0000E+00
74,0.544003822603113,2.0000E+00
75,0.274097835802064,2.0000E+00
76,0.248052306561057,2.0000E+00
77,0.488530125089215,2.0000E+00
78,0.835986029318326,2.0000E+00
79,0.291288237342749,2.0000E+00
80,0.237122152857444,2.0000E+00
81,0.670825349542655,2.0000E+00
82,0.628794670500623,2.0000E+00
83,1.47801587945451,2.0000E+00
84,0.309280947958339,2.0000E+00
85,0.792285606853583,2.0000E+00
86,0.320879811767917,2.0000E+00
87,0.588994692859499,2.0000E+00
88,0.428865692604556,2.0000E+00
89,0.495370758010278,2.0000E+00
90,0.48071920782866,2.0000E+00
91,0.74580981208096,2.0000E+00
92,0.55090037599922,2.0000E+00
93,0.343872678103685,2.0000E+00
94,0.364000912853276,2.0000E+00
95,0.414936236733312,2.0000E+00
96,0.305402646226415,2.0000E+00
97,0.279660127798985,2.0000E+00
98,0.775754196462875,2.0000E+00
99,0.400146847683361,2.0000E+00
100,0.681110872065785,2.0000E+00
101,1.4036737161593,2.0000E+00
102,0.630206974450379,2.0000E+00
103,1.01087684601625,2.0000E+00
104,0.125242403833559,2.0000E+00
105,0.81680836626283,2.0000E+00
106,0.274029172618059,2.0000E+00
107,1.37160937072352,2.0000E+00
108,0.42825646248459,2.0000E+00
109,1.20214020615174,2.0000E+00
110,0.562356126335131,2.0000E+00
111,0.341386755592881,2.0000E+00
112,0.61168486613455,2.0000E+00
113,0.477787620142939,2.0000E+00
114,1.19526340187136,2.0000E+00
115,0.93810048020479,2.0000E+00
116,0.338244640714481,2.0000E+00
117,0.415444511978971,2.0000E+00
118,1.17138798768558,2.0000E+00
119,0.31029441249227,2.0000E+00
120,0.768079229627597,2.0000E+00
121,0.529133616191785,2.0000E+00
122,1.85582563417891,2.0000E+00
123,1.87731136505104,2.0000E+00
124,0.739627908856954,2.0000E+00
125,0.281076269602525,2.0000E+00
126,0.184661664146575,2.0000E+00
127,0.734489509619265,2.0000E+00
128,1.80299431346048,2.0000E+00
129,0.673600240957967,2.0000E+00
130,0.602712249413575,2.0000E+00
131,0.335309000758166,2.0000E+00
132,0.886404406864406,2.0000E+00
133,0.660527150787893,2.0000E+00
134,0.423772827804108,2.0000E+00
135,0.595860888288244,2.0000E+00
136,0.606939937246964,2.0000E+00
137,0.879589917761966,2.0000E+00
138,0.247960231605705,2.0000E+00
139,0.580551752442185,2.0000E+00
140,1.12416524780316,2.0000E+00
141,0.757587794231305,2.0000E+00
142,0.674669005387177,2.0000E+00
143,0.395487957410338,2.0000E+00
144,0.688854789727582,2.0000E+00
145,0.927960352341296,2.0000E+00
146,0.879917610333148,2.0000E+00
147,0.232563272352431,2.0000E+00
148,0.704529242335786,2.0000E+00
149,0.750182763655671,2.0000E+00
150,0.583344658130768,2.0000E+00
151,0.395507494316979,2.0000E+00
152,0.658491392514329,2.0000E+00
153,0.902857876867902,2.0000E+00
154,0.14611967903077,2.0000E+00
155,0.210841068262137,2.0000E+00
156,0.563522085107016,2.0000E+00
157,1.36826016523366,2.0000E+00
158,0.152863574500791,2.0000E+00
159,0.649481407062374,2.0000E+00
160,1.32471950951444,2.0000E+00
161,0.672125130156545,2.0000E+00
162,0.117815522278255,2.0000E+00
163,0.230713491370093,2.0000E+00
164,0.491471978842315,2.0000E+00
165,1.26504476649169,2.0000E+00
166,0.612491915951328,2.0000E+00
167,1.95803463006022,2.0000E+00
168,0.946338272726329,2.0000E+00
169,0.740655247933884,2.0000E+00
170,0.509186515418805,2.0000E+00
171,1.19635837435264,2.0000E+00
172,1.08465793790093,2.0000E+00
173,0.241269068983403,2.0000E+00
174,0.58254232068808,2.0000E+00
175,0.501478798681014,2.0000E+00
176,0.520487314467428,2.0000E+00
177,0.73127334831257,2.0000E+00
178,0.358546728758095,2.0000E+00
179,0.199861838807814,2.0000E+00
180,2.46367921902525,2.0000E+00
181,0.275949853575653,2.0000E+00
182,1.05977357459589,2.0000E+00
183,0.709905033123761,2.0000E+00
184,0.327496582853649,2.0000E+00
185,1.18541136215261,2.0000E+00
186,0.879444961281529,2.0000E+00
187,1.20879307064177,2.0000E+00
188,0.810957095861666,2.0000E+00
189,0.611074360321097,2.0000E+00
190,0.391760472817598,2.0000E+00
191,0.271857222683264,2.0000E+00
192,0.929175828037818,2.0000E+00
193,0.384689317938721,2.0000E+00
194,0.249461528265835,2.0000E+00
195,0.371117242322457,2.0000E+00
196,0.375087822005509,2.0000E+00
197,2.08015845727991,2.0000E+00
198,0.343767063087774,2.0000E+00
199,0.609344291698077,2.0000E+00
200,0.64984791351303,2.0000E+00
1,0.707456396070032,4.0000E+00
2,0.539234304752255,4.0000E+00
3,1.3147048827872,4.0000E+00
4,0.441545088689965,4.0000E+00
5,1.2193776234352,4.0000E+00
6,0.375217324500279,4.0000E+00
7,0.550696786356325,4.0000E+00
8,0.510452947223907,4.0000E+00
9,0.526302428914954,4.0000E+00
10,0.525305632475953,4.0000E+00
11,0.723440559574848,4.0000E+00
12,0.387381925824176,4.0000E+00
13,1.42558772816238,4.0000E+00
14,0.489425590252955,4.0000E+00
15,0.926015712850839,4.0000E+00
16,0.546028095837801,4.0000E+00
17,0.54318479107703,4.0000E+00
18,0.338893504176158,4.0000E+00
19,1.16900899421228,4.0000E+00
20,0.932214362096828,4.0000E+00
21,0.679170482743701,4.0000E+00
22,0.664393907266606,4.0000E+00
23,0.310899154639613,4.0000E+00
24,0.759946222352239,4.0000E+00
25,1.99162333604146,4.0000E+00
26,0.176937206842593,4.0000E+00
27,1.41609887938661,4.0000E+00
28,1.78417849445548,4.0000E+00
29,0.44680885784631,4.0000E+00
30,0.544367166419019,4.0000E+00
31,1.84815080309114,4.0000E+00
32,1.02735048462767,4.0000E+00
33,0.64571629992301,4.0000E+00
34,0.635105408112168,4.0000E+00
35,0.313344444000602,4.0000E+00
36,0.837610819652981,4.0000E+00
37,0.259899797827969,4.0000E+00
38,0.36804201445037,4.0000E+00
39,0.349100785120432,4.0000E+00
40,0.226565040735632,4.0000E+00
41,0.188956027533549,4.0000E+00
42,0.149870118692736,4.0000E+00
43,0.432709688908654,4.0000E+00
44,0.502997469880958,4.0000E+00
45,0.21578572233022,4.0000E+00
46,0.816141919460984,4.0000E+00
47,0.555478557781162,4.0000E+00
48,1.11414241619979,4.0000E+00
49,0.746130518143167,4.0000E+00
50,1.01120702537326,4.0000E+00
51,1.27862298602567,4.0000E+00
52,0.692248130751998,4.0000E+00
53,0.391126363737486,4.0000E+00
54,1.01784745734826,4.0000E+00
55,0.242076531865544,4.0000E+00
56,0.399174574092807,4.0000E+00
57,0.740156642584909,4.0000E+00
58,0.355234715915998,4.0000E+00
59,0.736434867476201,4.0000E+00
60,0.346116557710305,4.0000E+00
61,0.514583664153745,4.0000E+00
62,0.552949472113747,4.0000E+00
63,0.560216369823144,4.0000E+00
64,1.32041479500327,4.0000E+00
65,1.06457824648799,4.0000E+00
66,0.491019684736389,4.0000E+00
67,0.336945940412844,4.0000E+00
68,0.47611256677124,4.0000E+00
69,0.335951957886879,4.0000E+00
70,0.309308663935386,4.0000E+00
71,0.752412924333458,4.0000E+00
72,0.360979976054463,4.0000E+00
73,0.266050522225766,4.0000E+00
74,0.728461030351438,4.0000E+00
75,0.355210949819174,4.0000E+00
76,0.319251392727082,4.0000E+00
77,0.446358925795986,4.0000E+00
78,0.925589536344055,4.0000E+00
79,0.339482100077429,4.0000E+00
80,0.39433449244262,4.0000E+00
81,0.483254598912432,4.0000E+00
82,0.717280442241489,4.0000E+00
83,1.61224009153884,4.0000E+00
84,0.311084825965087,4.0000E+00
85,0.762595823212219,4.0000E+00
86,0.384794246342125,4.0000E+00
87,0.272135810935926,4.0000E+00
88,0.476477280695248,4.0000E+00
89,0.749856846413913,4.0000E+00
90,0.468359370965749,4.0000E+00
91,0.655217606336426,4.0000E+00
92,0.376198227162132,4.0000E+00
93,0.45776606677589,4.0000E+00
94,0.472446112118753,4.0000E+00
95,0.337046557921328,4.0000E+00
96,0.349592392108867,4.0000E+00
97,0.225026670611907,4.0000E+00
98,1.00753404898661,4.0000E+00
99,0.46862898340249,4.0000E+00
100,0.929456430960773,4.0000E+00
101,1.77073017985731,4.0000E+00
102,0.29608209149713,4.0000E+00
103,1.04227099760548,4.0000E+00
104,0.371364262055529,4.0000E+00
105,0.8933911698527,4.0000E+00
106,0.279563716651586,4.0000E+00
107,0.784342969810489,4.0000E+00
108,0.280237586940489,4.0000E+00
109,0.859822269779507,4.0000E+00
110,0.302765953002611,4.0000E+00
111,0.429568860569076,4.0000E+00
112,0.680808275513661,4.0000E+00
113,0.60134086641791,4.0000E+00
114,1.1940560845037,4.0000E+00
115,0.835713917095656,4.0000E+00
116,0.281092647631145,4.0000E+00
117,0.331110722686263,4.0000E+00
118,1.27363789964006,4.0000E+00
119,0.363148747537292,4.0000E+00
120,0.319588486362509,4.0000E+00
121,0.550125467668345,4.0000E+00
122,0.890975537923497,4.0000E+00
123,1.68458393194511,4.0000E+00
124,0.709764432701057,4.0000E+00
125,0.297100457509347,4.0000E+00
126,0.278643488660118,4.0000E+00
127,0.492096056384972,4.0000E+00
128,1.13903596163893,4.0000E+00
129,0.852746930854764,4.0000E+00
130,0.473757990595894,4.0000E+00
131,0.4487014860208,4.0000E+00
132,0.251393735134078,4.0000E+00
133,0.742034248445826,4.0000E+00
134,0.408730562227074,4.0000E+00
135,0.500425315465473,4.0000E+00
136,0.492043458419495,4.0000E+00
137,0.653217770762899,4.0000E+00
138,0.201629556301864,4.0000E+00
139,0.506369419349869,4.0000E+00
140,0.652510106669661,4.0000E+00
141,0.411413939620454,4.0000E+00
142,0.829597679976251,4.0000E+00
143,0.676867644757843,4.0000E+00
144,0.257575184950449,4.0000E+00
145,0.513774327623275,4.0000E+00
146,1.1103871463009,4.0000E+00
147,0.329397767879419,4.0000E+00
148,0.903908645190287,4.0000E+00
149,0.575763672165744,4.0000E+00
150,0.525767671053063,4.0000E+00
151,0.748287352152658,4.0000E+00
152,0.382008340608902,4.0000E+00
153,0.643423441903668,4.0000E+00
154,0.127618066101042,4.0000E+00
155,0.346919222241387,4.0000E+00
156,0.872021172744548,4.0000E+00
157,0.707428830943571,4.0000E+00
158,0.181684769431177,4.0000E+00
159,0.305882144418139,4.0000E+00
160,0.727216224954463,4.0000E+00
161,0.913411960948184,4.0000E+00
162,0.343341547248183,4.0000E+00
163,0.464213718961625,4.0000E+00
164,0.492168508592174,4.0000E+00
165,0.687051144929397,4.0000E+00
166,0.58952283777048,4.0000E+00
167,1.49615489076102,4.0000E+00
168,0.920580144994074,4.0000E+00
169,1.07512408943482,4.0000E+00
170,0.450500184343377,4.0000E+00
171,0.795799644511761,4.0000E+00
172,0.62092508158275,4.0000E+00
173,0.448734930738057,4.0000E+00
174,0.680142498540572,4.0000E+00
175,0.868443389708528,4.0000E+00
176,0.496208641388459,4.0000E+00
177,0.897926667952377,4.0000E+00
178,0.321155224718443,4.0000E+00
179,0.326037859102676,4.0000E+00
180,1.97898402320852,4.0000E+00
181,0.210814864131348,4.0000E+00
182,1.01051247555605,4.0000E+00
183,0.573909516129032,4.0000E+00
184,0.269323943381915,4.0000E+00
185,0.938091532349838,4.0000E+00
186,1.41875266440081,4.0000E+00
187,1.01299095004032,4.0000E+00
188,0.764165226590083,4.0000E+00
189,0.379135841877783,4.0000E+00
190,0.473158946102334,4.0000E+00
191,0.241636479750537,4.0000E+00
192,0.895678121697871,4.0000E+00
193,0.522086104303542,4.0000E+00
194,0.123917169560466,4.0000E+00
195,0.500099142222222,4.0000E+00
196,0.351916813806837,4.0000E+00
197,1.65430470217999,4.0000E+00
198,0.431406703584614,4.0000E+00
199,0.57184641703033,4.0000E+00
200,0.299831495117143,4.0000E+00
1,0.690686208518754,8.0000E+00
2,0.385100493443754,8.0000E+00
3,0.849246473906911,8.0000E+00
4,0.289325643407495,8.0000E+00
5,0.894416788021503,8.0000E+00
6,0.192610116876098,8.0000E+00
7,0.400854744202234,8.0000E+00
8,0.508516158689126,8.0000E+00
9,0.37141290996581,8.0000E+00
10,0.340618782026464,8.0000E+00
11,0.498635045466823,8.0000E+00
12,0.281017333721317,8.0000E+00
13,1.16114600340308,8.0000E+00
14,0.193105528581704,8.0000E+00
15,0.506283016389998,8.0000E+00
16,0.408356153271339,8.0000E+00
17,0.348938475451186,8.0000E+00
18,0.148347424589281,8.0000E+00
19,0.848380425421289,8.0000E+00
20,0.40318384682798,8.0000E+00
21,0.425501032234305,8.0000E+00
22,0.667392862576719,8.0000E+00
23,0.288034162011173,8.0000E+00
24,0.521151319149591,8.0000E+00
25,1.57000350395834,8.0000E+00
26,0.184915271058997,8.0000E+00
27,0.662735974033327,8.0000E+00
28,1.12538217075287,8.0000E+00
29,0.484645264576492,8.0000E+00
30,0.526902697663675,8.0000E+00
31,0.954349543121793,8.0000E+00
32,1.54219641383205,8.0000E+00
33,0.461876390152945,8.0000E+00
34,0.495343498427673,8.0000E+00
35,0.191444807310619,8.0000E+00
36,1.14593577619748,8.0000E+00
37,0.218966432998014,8.0000E+00
38,0.198175791317742,8.0000E+00
39,0.480279528230836,8.0000E+00
40,0.274461373179726,8.0000E+00
41,0.358453015998512,8.0000E+00
42,0.235955266147355,8.0000E+00
43,0.448708319632826,8.0000E+00
44,0.333429382826476,8.0000E+00
45,0.242921051730533,8.0000E+00
46,0.55536966986975,8.0000E+00
47,0.300104833789669,8.0000E+00
48,0.550673052100934,8.0000E+00
49,0.478884050929,8.0000E+00
50,0.832630504261364,8.0000E+00
51,0.960357944646668,8.0000E+00
52,0.800779673296019,8.0000E+00
53,0.495692463134899,8.0000E+00
54,0.49717923696319,8.0000E+00
55,0.269628318984228,8.0000E+00
56,0.282088032848977,8.0000E+00
57,0.503700610404763,8.0000E+00
58,0.552399322024942,8.0000E+00
59,0.947196178018123,8.0000E+00
60,0.22838869000661,8.0000E+00
61,0.329941633203476,8.0000E+00
62,0.578266213006488,8.0000E+00
63,0.705384730792783,8.0000E+00
64,0.90161723518851,8.0000E+00
65,0.550281103176095,8.0000E+00
66,0.424252360678435,8.0000E+00
67,0.271593047478343,8.0000E+00
68,0.429346086707684,8.0000E+00
69,0.328149277807563,8.0000E+00
70,0.222252978093268,8.0000E+00
71,0.44238339362052,8.0000E+00
72,0.305362315021285,8.0000E+00
73,0.208760171302125,8.0000E+00
74,0.672191735418266,8.0000E+00
75,0.22101106608819,8.0000E+00
76,0.335152875646708,8.0000E+00
77,0.178587252405207,8.0000E+00
78,0.538745010860881,8.0000E+00
79,0.252730048596112,8.0000E+00
80,0.247859989536482,8.0000E+00
81,0.669144200951796,8.0000E+00
82,0.416333256809018,8.0000E+00
83,1.41157835124621,8.0000E+00
84,0.190099972023549,8.0000E+00
85,0.808003266444705,8.0000E+00
86,0.254296846943138,8.0000E+00
87,0.14593211625018,8.0000E+00
88,0.370643970387004,8.0000E+00
89,0.768053742123471,8.0000E+00
90,0.389876752241239,8.0000E+00
91,0.354681309780932,8.0000E+00
92,0.310652099456371,8.0000E+00
93,0.423864668628693,8.0000E+00
94,0.267218907141755,8.0000E+00
95,0.309631258234519,8.0000E+00
96,0.158929769852828,8.0000E+00
97,0.151458678117798,8.0000E+00
98,0.845448833001952,8.0000E+00
99,0.222816363636364,8.0000E+00
100,1.03418876262626,8.0000E+00
101,1.26567778492943,8.0000E+00
102,0.206219941388261,8.0000E+00
103,0.758364181011453,8.0000E+00
104,0.181009952235856,8.0000E+00
105,0.695872809006101,8.0000E+00
106,0.300093718520129,8.0000E+00
107,0.81688865226673,8.0000E+00
108,0.267353515216091,8.0000E+00
109,0.52406736936902,8.0000E+00
110,0.211596659974621,8.0000E+00
111,0.318056309398099,8.0000E+00
112,0.399433891120966,8.0000E+00
113,0.434500394128684,8.0000E+00
114,0.700100298604955,8.0000E+00
115,0.470384710470804,8.0000E+00
116,0.177160873918329,8.0000E+00
117,0.203046821702146,8.0000E+00
118,0.306772753059246,8.0000E+00
119,0.303198094970927,8.0000E+00
120,0.172756554344235,8.0000E+00
121,0.52241231393893,8.0000E+00
122,0.301199438607334,8.0000E+00
123,0.750914435927673,8.0000E+00
124,0.86312069554068,8.0000E+00
125,0.251315246696742,8.0000E+00
126,0.152290379988313,8.0000E+00
127,0.43850198232095,8.0000E+00
128,0.644489417787792,8.0000E+00
129,0.473238891161432,8.0000E+00
130,0.393074219900715,8.0000E+00
131,0.475037203554568,8.0000E+00
132,0.482845708753602,8.0000E+00
133,0.530168200848269,8.0000E+00
134,0.338029401309837,8.0000E+00
135,0.340743892658853,8.0000E+00
136,0.628831642535304,8.0000E+00
137,0.116180696338837,8.0000E+00
138,0.159800159580948,8.0000E+00
139,0.6333732902047,8.0000E+00
140,0.486189214513557,8.0000E+00
141,0.13270419395466,8.0000E+00
142,0.93487349931299,8.0000E+00
143,0.527014720072195,8.0000E+00
144,0.369694266281365,8.0000E+00
145,0.389554386813681,8.0000E+00
146,0.355491832905212,8.0000E+00
147,0.268652344646076,8.0000E+00
148,0.314957657187582,8.0000E+00
149,0.377338390232415,8.0000E+00
150,0.481938392816678,8.0000E+00
151,0.437359046201047,8.0000E+00
152,0.126053706326723,8.0000E+00
153,0.345992077321109,8.0000E+00
154,0.113603608908582,8.0000E+00
155,0.246459892457918,8.0000E+00
156,1.07225091844232,8.0000E+00
157,0.989430421353102,8.0000E+00
158,0.128003224393403,8.0000E+00
159,0.491440700463777,8.0000E+00
160,0.596517702335253,8.0000E+00
161,0.615115592158448,8.0000E+00
162,0.375466380409742,8.0000E+00
163,0.453340483424228,8.0000E+00
164,0.403368235130008,8.0000E+00
165,0.498077941979056,8.0000E+00
166,0.343697518568535,8.0000E+00
167,0.848597675808659,8.0000E+00
168,0.696171096141128,8.0000E+00
169,0.306023974580048,8.0000E+00
170,0.356977246889747,8.0000E+00
171,0.496200282220132,8.0000E+00
172,0.429119812899755,8.0000E+00
173,0.283230980841657,8.0000E+00
174,0.382218254555601,8.0000E+00
175,0.257931922594695,8.0000E+00
176,0.234711197355868,8.0000E+00
177,0.488641151152861,8.0000E+00
178,0.14302540170883,8.0000E+00
179,0.435808566234561,8.0000E+00
180,1.07584687236633,8.0000E+00
181,0.309223707186031,8.0000E+00
182,0.358112622492348,8.0000E+00
183,0.5087315618144,8.0000E+00
184,0.240501607599277,8.0000E+00
185,0.452019207048129,8.0000E+00
186,0.840298306032845,8.0000E+00
187,0.580221824141049,8.0000E+00
188,0.585895592601649,8.0000E+00
189,0.431729361370717,8.0000E+00
190,0.386130445320485,8.0000E+00
191,0.161489849652463,8.0000E+00
192,0.790663728062702,8.0000E+00
193,0.340387180926001,8.0000E+00
194,0.0940241498135804,8.0000E+00
195,0.236514717814037,8.0000E+00
196,0.277262177145017,8.0000E+00
197,1.039179496846,8.0000E+00
198,0.369921862906063,8.0000E+00
199,0.360983222265778,8.0000E+00
200,0.331999131304191,8.0000E+00
1,0.750801184248244,1.2000E+01
2,0.237612349466355,1.2000E+01
3,0.46400022209849,1.2000E+01
4,0.12423322370558,1.2000E+01
5,0.735575242606551,1.2000E+01
6,0.119350418227925,1.2000E+01
7,0.307694311932612,1.2000E+01
8,0.164624599865312,1.2000E+01
9,0.232201353423209,1.2000E+01
10,0.375438502482879,1.2000E+01
11,0.365770830906216,1.2000E+01
12,0.210812076445337,1.2000E+01
13,1.09487802168893,1.2000E+01
14,0.358679656497827,1.2000E+01
15,0.190329383120768,1.2000E+01
16,0.314805785632839,1.2000E+01
17,0.173831655572865,1.2000E+01
18,0.0405892799916882,1.2000E+01
19,0.562717363136639,1.2000E+01
20,0.160703841038118,1.2000E+01
21,0.217025425773076,1.2000E+01
22,0.652497785659857,1.2000E+01
23,0.202128161905522,1.2000E+01
24,0.577841352455528,1.2000E+01
25,1.20487650942187,1.2000E+01
26,0.17116076004283,1.2000E+01
27,0.547814459889673,1.2000E+01
28,0.792729678030892,1.2000E+01
29,0.78193637103336,1.2000E+01
30,0.314608541921734,1.2000E+01
31,0.857587066010832,1.2000E+01
32,1.06065535462148,1.2000E+01
33,0.315800715282624,1.2000E+01
34,0.408728406811234,1.2000E+01
35,0.1264580742839,1.2000E+01
36,1.0445421622375,1.2000E+01
37,0.151400418579952,1.2000E+01
38,0.0992067800428851,1.2000E+01
39,0.357718877226995,1.2000E+01
40,0.174421527820223,1.2000E+01
41,0.265344446110992,1.2000E+01
42,0.316968184053102,1.2000E+01
43,0.146082879507914,1.2000E+01
44,0.272501216317365,1.2000E+01
45,0.350713024207974,1.2000E+01
46,0.412421446415825,1.2000E+01
47,0.176427705256386,1.2000E+01
48,0.332762368129687,1.2000E+01
49,0.309504962894249,1.2000E+01
50,0.377286925056288,1.2000E+01
51,0.525342345222073,1.2000E+01
52,0.449768036701186,1.2000E+01
53,0.293670700497428,1.2000E+01
54,0.189510409208433,1.2000E+01
55,0.101619365818244,1.2000E+01
56,0.164610161662818,1.2000E+01
57,0.22545900829886,1.2000E+01
58,0.615056297628806,1.2000E+01
59,0.490495290399111,1.2000E+01
60,0.198057754268405,1.2000E+01
61,0.278715655406381,1.2000E+01
62,0.515589987171655,1.2000E+01
63,0.538992490049169,1.2000E+01
64,0.775278048441533,1.2000E+01
65,0.375543128972084,1.2000E+01
66,0.255196367683273,1.2000E+01
67,0.140625837892254,1.2000E+01
68,0.350521305448169,1.2000E+01
69,0.17698542247091,1.2000E+01
70,0.220623950625297,1.2000E+01
71,0.294678091321611,1.2000E+01
72,0.35834252679075,1.2000E+01
73,0.184032941785252,1.2000E+01
74,0.478739133059879,1.2000E+01
75,0.179472352097335,1.2000E+01
76,0.331689766401859,1.2000E+01
77,0.092141916455467,1.2000E+01
78,0.270992980755675,1.2000E+01
79,0.166809801582899,1.2000E+01
80,0.152472666091458,1.2000E+01
81,0.323619041399438,1.2000E+01
82,0.0791477445665386,1.2000E+01
83,0.795101807802093,1.2000E+01
84,0.150195597754976,1.2000E+01
85,0.484329654773182,1.2000E+01
86,0.252796412910809,1.2000E+01
87,0.0741496458200383,1.2000E+01
88,0.175255688395544,1.2000E+01
89,0.38151379660665,1.2000E+01
90,0.162934805142875,1.2000E+01
91,0.397020293098015,1.2000E+01
92,0.220161696886947,1.2000E+01
93,0.306383196332167,1.2000E+01
94,0.222988385485599,1.2000E+01
95,0.196221438689686,1.2000E+01
96,0.0829802831904391,1.2000E+01
97,0.125957287871389,1.2000E+01
98,0.717819032021383,1.2000E+01
99,0.149590092002831,1.2000E+01
100,0.390738733957348,1.2000E+01
101,0.697462587137948,1.2000E+01
102,0.121039292679916,1.2000E+01
103,0.447546306452146,1.2000E+01
104,0.190812964857651,1.2000E+01
105,0.567581836937483,1.2000E+01
106,0.330979041177051,1.2000E+01
107,0.491486664540291,1.2000E+01
108,0.176141292862586,1.2000E+01
109,0.252211415267576,1.2000E+01
110,0.204898435435022,1.2000E+01
111,0.167390526643616,1.2000E+01
112,0.214731131043132,1.2000E+01
113,0.238216275299026,1.2000E+01
114,0.669445872989554,1.2000E+01
115,0.432457151218386,1.2000E+01
116,0.190929097560976,1.2000E+01
117,0.154480841994894,1.2000E+01
118,0.210539318976624,1.2000E+01
119,0.229821077768976,1.2000E+01
120,0.0928661823649569,1.2000E+01
121,0.319718573127229,1.2000E+01
122,0.147872911045704,1.2000E+01
123,0.453525484818805,1.2000E+01
124,0.693867526653238,1.2000E+01
125,0.209194598862094,1.2000E+01
126,0.0952555043322303,1.2000E+01
127,0.372746742692756,1.2000E+01
128,0.242801441738735,1.2000E+01
129,0.260058429838003,1.2000E+01
130,0.297206084023794,1.2000E+01
131,0.388917295384018,1.2000E+01
132,0.333517119888207,1.2000E+01
133,0.484868668899522,1.2000E+01
134,0.174779968482535,1.2000E+01
135,0.151766047410519,1.2000E+01
136,0.317139291202459,1.2000E+01
137,0.170152869979015,1.2000E+01
138,0.189824225080164,1.2000E+01
139,0.494149327461347,1.2000E+01
140,0.489877727583847,1.2000E+01
141,0.0551046990278153,1.2000E+01
142,0.624591621815572,1.2000E+01
143,0.507724209514314,1.2000E+01
144,0.448116115876708,1.2000E+01
145,0.328101137526332,1.2000E+01
146,0.263382411224897,1.2000E+01
147,0.143654622741764,1.2000E+01
148,0.0849127310228784,1.2000E+01
149,0.448390214230788,1.2000E+01
150,0.222829945072698,1.2000E+01
151,0.292860956374381,1.2000E+01
152,0.135265093694823,1.2000E+01
153,0.204252778627511,1.2000E+01
154,0.106802115124708,1.2000E+01
155,0.190477586421675,1.2000E+01
156,0.577430583469129,1.2000E+01
157,0.770841523494715,1.2000E+01
158,0.159255991319175,1.2000E+01
159,0.111510925956062,1.2000E+01
160,0.322836270345052,1.2000E+01
161,0.415651508431508,1.2000E+01
162,0.304227516769222,1.2000E+01
163,0.3186233227624,1.2000E+01
164,0.326231939663416,1.2000E+01
165,0.283334986447965,1.2000E+01
166,0.178762271051467,1.2000E+01
167,0.276779983462664,1.2000E+01
168,0.299625645870551,1.2000E+01
169,0.317315355547439,1.2000E+01
170,0.189050516217935,1.2000E+01
171,0.270121053430965,1.2000E+01
172,0.194233241097708,1.2000E+01
173,0.206859760189147,1.2000E+01
174,0.196172698306366,1.2000E+01
175,0.189394293282327,1.2000E+01
176,0.104669316829417,1.2000E+01
177,0.417036518575706,1.2000E+01
178,0.0847368361686391,1.2000E+01
179,0.24137351220244,1.2000E+01
180,0.644357599569283,1.2000E+01
181,0.219948160868419,1.2000E+01
182,0.361426947847447,1.2000E+01
183,0.349120981380761,1.2000E+01
184,0.242784349800723,1.2000E+01
185,0.181321778932082,1.2000E+01
186,0.552021194317251,1.2000E+01
187,0.459135593154955,1.2000E+01
188,0.233635362446875,1.2000E+01
189,0.336926510574018,1.2000E+01
190,0.27879209693132,1.2000E+01
191,0.197399951274595,1.2000E+01
192,0.360485174852927,1.2000E+01
193,0.285367300463919,1.2000E+01
194,0.0906146720038236,1.2000E+01
195,0.224930313088437,1.2000E+01
196,0.294594741925747,1.2000E+01
197,1.29222797682574,1.2000E+01
198,0.276242415343915,1.2000E+01
199,0.183934193942924,1.2000E+01
200,0.27678531371124,1.2000E+01
1,0.417631451126307,2.4000E+01
2,0.0671224016578422,2.4000E+01
3,0.122391602146264,2.4000E+01
4,0.0188322182726758,2.4000E+01
5,0.245859985142857,2.4000E+01
6,0.0504413959382921,2.4000E+01
7,0.0614704832536435,2.4000E+01
8,0.196329463954877,2.4000E+01
9,0.111586356865017,2.4000E+01
10,0.296086919525066,2.4000E+01
11,0.105277695862529,2.4000E+01
12,0.0784884942716857,2.4000E+01
13,0.340089070320761,2.4000E+01
14,0.161350099801301,2.4000E+01
15,0.0250768367482082,2.4000E+01
16,0.125112713446065,2.4000E+01
17,0.062477497062635,2.4000E+01
18,0.00316920891749435,2.4000E+01
19,0.175381651319193,2.4000E+01
20,0.0277544195949129,2.4000E+01
21,0.0242014328847724,2.4000E+01
22,0.195437561732464,2.4000E+01
23,0.078546460510814,2.4000E+01
24,0.312701200695794,2.4000E+01
25,0.615669649122807,2.4000E+01
26,0.104039552038984,2.4000E+01
27,0.190577023970862,2.4000E+01
28,0.25567898469715,2.4000E+01
29,0.383320239702329,2.4000E+01
30,0.207964954385054,2.4000E+01
31,0.475154200657895,2.4000E+01
32,0.876922264331445,2.4000E+01
33,0.101047040389972,2.4000E+01
34,0.167233528324746,2.4000E+01
35,0.0149722599952685,2.4000E+01
36,0.216807627320106,2.4000E+01
37,0.135497584352303,2.4000E+01
38,0.0186113053875756,2.4000E+01
39,0.144719976945245,2.4000E+01
40,0.133255901255586,2.4000E+01
41,0.0824612766428328,2.4000E+01
42,0.100854608895199,2.4000E+01
43,0.0520389364566788,2.4000E+01
44,0.172897704066883,2.4000E+01
45,0.198560649056604,2.4000E+01
46,0.117363032714412,2.4000E+01
47,0.061639347245409,2.4000E+01
48,0.0183061175348971,2.4000E+01
49,0.0662216656263932,2.4000E+01
50,0.139771284429455,2.4000E+01
51,0.133109820377208,2.4000E+01
52,0.300925275747508,2.4000E+01
53,0.0916145103959969,2.4000E+01
54,0.0106848348020394,2.4000E+01
55,0.0429656551841746,2.4000E+01
56,0.0853108925908413,2.4000E+01
57,0.0721959568154403,2.4000E+01
58,0.506626909361741,2.4000E+01
59,0.333905226804124,2.4000E+01
60,0.0479399173999819,2.4000E+01
61,0.0977099908192708,2.4000E+01
62,0.125191262622278,2.4000E+01
63,0.330000805862566,2.4000E+01
64,0.190409886232641,2.4000E+01
65,0.0392142499632353,2.4000E+01
66,0.207554952921999,2.4000E+01
67,0.0143156371173469,2.4000E+01
68,0.162501763244586,2.4000E+01
69,0.0600470046136102,2.4000E+01
70,0.0279769534963437,2.4000E+01
71,0.0733224077432355,2.4000E+01
72,0.0808436061212722,2.4000E+01
73,0.0710425057950557,2.4000E+01
74,0.201453670661014,2.4000E+01
75,0.12501082302648,2.4000E+01
76,0.144083848250986,2.4000E+01
77,0.013653754822443,2.4000E+01
78,0.104370472097881,2.4000E+01
79,0.0510707255538324,2.4000E+01
80,0.0828973508619903,2.4000E+01
81,0.171942434091001,2.4000E+01
82,0.0117393637042863,2.4000E+01
83,0.144043400566171,2.4000E+01
84,0.0341295499559212,2.4000E+01
85,0.29016060158442,2.4000E+01
86,0.0711380386984325,2.4000E+01
87,0.00347491475373023,2.4000E+01
88,0.0570675571335558,2.4000E+01
89,0.215164867028373,2.4000E+01
90,0.0471421051338067,2.4000E+01
91,0.146909932038835,2.4000E+01
92,0.0773772261148848,2.4000E+01
93,0.108640589941973,2.4000E+01
94,0.0356053014053254,2.4000E+01
95,0.0208292083241449,2.4000E+01
96,0.00833544295585313,2.4000E+01
97,0.074617859974471,2.4000E+01
98,0.353262138036052,2.4000E+01
99,0.0357175925450284,2.4000E+01
100,0.118794676784711,2.4000E+01
101,0.158541327458783,2.4000E+01
102,0.0057801778695031,2.4000E+01
103,0.0955839963775024,2.4000E+01
104,0.204303667289221,2.4000E+01
105,0.26479772542962,2.4000E+01
106,0.122032240420388,2.4000E+01
107,0.113569970524921,2.4000E+01
108,0.112703902415644,2.4000E+01
109,0.0942825646374158,2.4000E+01
110,0.104521618146325,2.4000E+01
111,0.0883965768422754,2.4000E+01
112,0.0452814303135889,2.4000E+01
113,0.0654615348672399,2.4000E+01
114,0.100774114248853,2.4000E+01
115,0.0816583170522708,2.4000E+01
116,0.0905764390043968,2.4000E+01
117,0.0320414402439024,2.4000E+01
118,0.0259587720896898,2.4000E+01
119,0.142031072287708,2.4000E+01
120,0.00818889532425506,2.4000E+01
121,0.0405329452389087,2.4000E+01
122,0.00781623882442144,2.4000E+01
123,0.0973665373446641,2.4000E+01
124,0.416300600664767,2.4000E+01
125,0.125056055505378,2.4000E+01
126,0.0534724119446233,2.4000E+01
127,0.216865248703442,2.4000E+01
128,0.0870165124424617,2.4000E+01
129,0.0328447676301005,2.4000E+01
130,0.344186390986804,2.4000E+01
131,0.323588919288646,2.4000E+01
132,0.151198074798727,2.4000E+01
133,0.173977690836285,2.4000E+01
134,0.0498455858717603,2.4000E+01
135,0.0499693606892523,2.4000E+01
136,0.206987023652742,2.4000E+01
137,0.022337274227902,2.4000E+01
138,0.0930390588235294,2.4000E+01
139,0.23606418586446,2.4000E+01
140,0.134473117954554,2.4000E+01
141,0.000970089709475427,2.4000E+01
142,0.269152663504959,2.4000E+01
143,0.167365318669266,2.4000E+01
144,0.169821204988582,2.4000E+01
145,0.060856401255955,2.4000E+01
146,0.0337956577220238,2.4000E+01
147,0.0158285492152168,2.4000E+01
148,0.00208408788694482,2.4000E+01
149,0.0871292326616682,2.4000E+01
150,0.0452479866578972,2.4000E+01
151,0.123510272058179,2.4000E+01
152,0.0183202835471567,2.4000E+01
153,0.0197676566976932,2.4000E+01
154,0.0846615744478746,2.4000E+01
155,0.114146786107543,2.4000E+01
156,0.401964615592123,2.4000E+01
157,0.301116034124996,2.4000E+01
158,0.0821023143895781,2.4000E+01
159,0.0976013924660121,2.4000E+01
160,0.0546235786516854,2.4000E+01
161,0.311395519978957,2.4000E+01
162,0.257194562112308,2.4000E+01
163,0.126000165315603,2.4000E+01
164,0.224821529756915,2.4000E+01
165,0.0482294025236821,2.4000E+01
166,0.0112757612105636,2.4000E+01
167,0.0437556527485853,2.4000E+01
168,0.0698870179127135,2.4000E+01
169,0.104085269445638,2.4000E+01
170,0.0384681141556627,2.4000E+01
171,0.0621858942137191,2.4000E+01
172,0.0177265269919457,2.4000E+01
173,0.133609798209965,2.4000E+01
174,0.0987614646454768,2.4000E+01
175,0.0156870874666292,2.4000E+01
176,0.0292760259098869,2.4000E+01
177,0.078385711287229,2.4000E+01
178,0.0140836371748096,2.4000E+01
179,0.0324870391168707,2.4000E+01
180,0.171084528087045,2.4000E+01
181,0.128460613759635,2.4000E+01
182,0.0953391621072089,2.4000E+01
183,0.215150183669073,2.4000E+01
184,0.0818404654539896,2.4000E+01
185,0.0222843004937163,2.4000E+01
186,0.134166006224066,2.4000E+01
187,0.0689935450191571,2.4000E+01
188,0.0554139939677218,2.4000E+01
189,0.167915326531847,2.4000E+01
190,0.214121093382618,2.4000E+01
191,0.0881654072179077,2.4000E+01
192,0.200055288166215,2.4000E+01
193,0.123481990893238,2.4000E+01
194,0.0530086188696871,2.4000E+01
195,0.0748236951901566,2.4000E+01
196,0.138949735138052,2.4000E+01
197,0.472643410428171,2.4000E+01
198,0.120059945532766,2.4000E+01
199,0.0894223706202561,2.4000E+01
200,0.0503607454873646,2.4000E+01
1,0.168564206604572,3.6000E+01
2,0.0216849471989017,3.6000E+01
3,0.0320206147599591,3.6000E+01
4,0.00249799493650099,3.6000E+01
5,0.174491437278062,3.6000E+01
6,0.0107948593112172,3.6000E+01
7,0.0253233879589551,3.6000E+01
8,0.0810523546784803,3.6000E+01
9,0.0460079238243296,3.6000E+01
10,0.259299857162403,3.6000E+01
11,0.0335513221739906,3.6000E+01
12,0.0144773820421993,3.6000E+01
13,0.171118450625648,3.6000E+01
14,0.0856548678515814,3.6000E+01
15,0.0029178230248307,3.6000E+01
16,0.0700219830670238,3.6000E+01
17,0.018639448815578,3.6000E+01
18,8.20232042445242e-05,3.6000E+01
19,0.080988323790438,3.6000E+01
20,0.00360404668673051,3.6000E+01
21,0.00546471498892108,3.6000E+01
22,0.0771488124929147,3.6000E+01
23,0.0450806227818448,3.6000E+01
24,0.185514853990526,3.6000E+01
25,0.269746787432777,3.6000E+01
26,0.0566955834093501,3.6000E+01
27,0.0597372514705498,3.6000E+01
28,0.0739080218313474,3.6000E+01
29,0.373194236086068,3.6000E+01
30,0.0551315974811857,3.6000E+01
31,0.299730802874425,3.6000E+01
32,0.423374868611319,3.6000E+01
33,0.0250089093034001,3.6000E+01
34,0.0568702887962121,3.6000E+01
35,0.00753583049379886,3.6000E+01
36,0.083096307239648,3.6000E+01
37,0.0570953008090484,3.6000E+01
38,0.00266048752533031,3.6000E+01
39,0.10951881394771,3.6000E+01
40,0.146941636080717,3.6000E+01
41,0.0234206791114317,3.6000E+01
42,0.0377349476702933,3.6000E+01
43,0.00950595294627132,3.6000E+01
44,0.046537690163088,3.6000E+01
45,0.0549776225764001,3.6000E+01
46,0.0409794618010822,3.6000E+01
47,0.0337480898905612,3.6000E+01
48,0.0019331207346089,3.6000E+01
49,0.0244777617119144,3.6000E+01
50,0.0414176758453183,3.6000E+01
51,0.0185408779980318,3.6000E+01
52,0.131620092815061,3.6000E+01
53,0.033543607447593,3.6000E+01
54,0.000719642255442578,3.6000E+01
55,0.0133334561374249,3.6000E+01
56,0.0254067377580937,3.6000E+01
57,0.0148336662136868,3.6000E+01
58,0.233217186954771,3.6000E+01
59,0.104518356838922,3.6000E+01
60,0.015409469844515,3.6000E+01
61,0.0735617427640813,3.6000E+01
62,0.0368264829096837,3.6000E+01
63,0.149693989451302,3.6000E+01
64,0.125214339501301,3.6000E+01
65,0.0181004594217348,3.6000E+01
66,0.0845192813349583,3.6000E+01
67,0.00222706817788972,3.6000E+01
68,0.0870198851974358,3.6000E+01
69,0.0119838077389372,3.6000E+01
70,0.00900583190828179,3.6000E+01
71,0.0384021166634475,3.6000E+01
72,0.0819217893685169,3.6000E+01
73,0.0322775429089966,3.6000E+01
74,0.0981027108826841,3.6000E+01
75,0.0410188141115434,3.6000E+01
76,0.0523454509180883,3.6000E+01
77,0.00212848389124894,3.6000E+01
78,0.0352603400241431,3.6000E+01
79,0.0248599309754706,3.6000E+01
80,0.0274402440406232,3.6000E+01
81,0.0675373747667251,3.6000E+01
82,0.00110834292547643,3.6000E+01
83,0.0422133908183633,3.6000E+01
84,0.0115900179452169,3.6000E+01
85,0.168346589191428,3.6000E+01
86,0.0143920770080383,3.6000E+01
87,0.000319073477282095,3.6000E+01
88,0.0504016185816553,3.6000E+01
89,0.104430059477769,3.6000E+01
90,0.00975654394784342,3.6000E+01
91,0.0592334700233303,3.6000E+01
92,0.0263672738433897,3.6000E+01
93,0.0434581234130191,3.6000E+01
94,0.014167202202691,3.6000E+01
95,0.0048872020451018,3.6000E+01
96,0.000768630310054868,3.6000E+01
97,0.0457144768758781,3.6000E+01
98,0.126207596514364,3.6000E+01
99,0.00970405713703099,3.6000E+01
100,0.018203688344295,3.6000E+01
101,0.0404194174027541,3.6000E+01
102,0.0011661851553128,3.6000E+01
103,0.0368806467675378,3.6000E+01
104,0.105320418722496,3.6000E+01
105,0.162668430053964,3.6000E+01
106,0.0767346398423595,3.6000E+01
107,0.0383954403743078,3.6000E+01
108,0.0448346265757654,3.6000E+01
109,0.0156216500195593,3.6000E+01
110,0.0556312824886842,3.6000E+01
111,0.0737013543598305,3.6000E+01
112,0.00760721525592308,3.6000E+01
113,0.0154079076164384,3.6000E+01
114,0.0143877770800628,3.6000E+01
115,0.0121412162102716,3.6000E+01
116,0.0593739349778621,3.6000E+01
117,0.0136197102352057,3.6000E+01
118,0.00302021680193649,3.6000E+01
119,0.0709782821659215,3.6000E+01
120,0.000584087108966874,3.6000E+01
121,0.0541966288934105,3.6000E+01
122,0.000295902328370554,3.6000E+01
123,0.0170793860521952,3.6000E+01
124,0.169056123817537,3.6000E+01
125,0.0853986881264855,3.6000E+01
126,0.0385256461566083,3.6000E+01
127,0.0642686894744874,3.6000E+01
128,0.0127850108591996,3.6000E+01
129,0.00919298579666009,3.6000E+01
130,0.0978745301273571,3.6000E+01
131,0.158681495462584,3.6000E+01
132,0.0506536249011103,3.6000E+01
133,0.0797636638480852,3.6000E+01
134,0.0287037644377933,3.6000E+01
135,0.00962885142787331,3.6000E+01
136,0.0981651373670828,3.6000E+01
137,0.00248823319566202,3.6000E+01
138,0.0602696794157003,3.6000E+01
139,0.101755684616155,3.6000E+01
140,0.0423371256658968,3.6000E+01
141,2.06137721886655e-05,3.6000E+01
142,0.19765812055388,3.6000E+01
143,0.0448209949638713,3.6000E+01
144,0.072501984506407,3.6000E+01
145,0.0204229561603989,3.6000E+01
146,0.00892190725758323,3.6000E+01
147,0.00202722631186405,3.6000E+01
148,5.65031658975362e-05,3.6000E+01
149,0.0446141128598264,3.6000E+01
150,0.00838452999398808,3.6000E+01
151,0.0566058938245428,3.6000E+01
152,0.00295085302126761,3.6000E+01
153,0.00125704549753289,3.6000E+01
154,0.0454830532677155,3.6000E+01
155,0.0959508039146773,3.6000E+01
156,0.150819121067581,3.6000E+01
157,0.120167259453935,3.6000E+01
158,0.0552913783118482,3.6000E+01
159,0.0450977649185266,3.6000E+01
160,0.00717509650261551,3.6000E+01
161,0.111498934368908,3.6000E+01
162,0.148971561905398,3.6000E+01
163,0.0350528102616616,3.6000E+01
164,0.105881754987616,3.6000E+01
165,0.00917804263467098,3.6000E+01
166,0.000910307215253921,3.6000E+01
167,0.00438423126204115,3.6000E+01
168,0.0189054927550815,3.6000E+01
169,0.0171456125062452,3.6000E+01
170,0.00591559597005988,3.6000E+01
171,0.0150186169395483,3.6000E+01
172,0.00199959684085511,3.6000E+01
173,0.123428550946633,3.6000E+01
174,0.0340972884668931,3.6000E+01
175,0.00358327988762107,3.6000E+01
176,0.00556650893840256,3.6000E+01
177,0.023937649510185,3.6000E+01
178,0.00152009673386068,3.6000E+01
179,0.0144078633362338,3.6000E+01
180,0.023581521532599,3.6000E+01
181,0.102202265468239,3.6000E+01
182,0.0216301132085707,3.6000E+01
183,0.0918933887752119,3.6000E+01
184,0.0523326218110316,3.6000E+01
185,0.00297034064519361,3.6000E+01
186,0.0232710981297126,3.6000E+01
187,0.00950059148419804,3.6000E+01
188,0.0193652194770176,3.6000E+01
189,0.100444197473649,3.6000E+01
190,0.105176113792392,3.6000E+01
191,0.0408887041204566,3.6000E+01
192,0.0646400932790604,3.6000E+01
193,0.0781737250249473,3.6000E+01
194,0.0362417907548749,3.6000E+01
195,0.0404908018079342,3.6000E+01
196,0.0511724408414847,3.6000E+01
197,0.189547009943564,3.6000E+01
198,0.0800044365635019,3.6000E+01
199,0.0239949932625098,3.6000E+01
200,0.0152133156543185,3.6000E+01
