TABLE NO.  3
 ID          WT
  1.0000E+00  9.0185E+01
  1.0000E+00  9.0185E+01
  1.0000E+00  9.0185E+01
  1.0000E+00  9.0185E+01
  1.0000E+00  9.0185E+01
  1.0000E+00  9.0185E+01
  1.0000E+00  9.0185E+01
  1.0000E+00  9.0185E+01
  1.0000E+00  9.0185E+01
  1.0000E+00  9.0185E+01
  2.0000E+00  6.6801E+01
  2.0000E+00  6.6801E+01
  2.0000E+00  6.6801E+01
  2.0000E+00  6.6801E+01
  2.0000E+00  6.6801E+01
  2.0000E+00  6.6801E+01
  2.0000E+00  6.6801E+01
  2.0000E+00  6.6801E+01
  2.0000E+00  6.6801E+01
  2.0000E+00  6.6801E+01
  3.0000E+00  5.5145E+01
  3.0000E+00  5.5145E+01
  3.0000E+00  5.5145E+01
  3.0000E+00  5.5145E+01
  3.0000E+00  5.5145E+01
  3.0000E+00  5.5145E+01
  3.0000E+00  5.5145E+01
  3.0000E+00  5.5145E+01
  3.0000E+00  5.5145E+01
  3.0000E+00  5.5145E+01
  4.0000E+00  7.9308E+01
  4.0000E+00  7.9308E+01
  4.0000E+00  7.9308E+01
  4.0000E+00  7.9308E+01
  4.0000E+00  7.9308E+01
  4.0000E+00  7.9308E+01
  4.0000E+00  7.9308E+01
  4.0000E+00  7.9308E+01
  4.0000E+00  7.9308E+01
  4.0000E+00  7.9308E+01
  5.0000E+00  5.0060E+01
  5.0000E+00  5.0060E+01
  5.0000E+00  5.0060E+01
  5.0000E+00  5.0060E+01
  5.0000E+00  5.0060E+01
  5.0000E+00  5.0060E+01
  5.0000E+00  5.0060E+01
  5.0000E+00  5.0060E+01
  5.0000E+00  5.0060E+01
  5.0000E+00  5.0060E+01
  6.0000E+00  9.6837E+01
  6.0000E+00  9.6837E+01
  6.0000E+00  9.6837E+01
  6.0000E+00  9.6837E+01
  6.0000E+00  9.6837E+01
  6.0000E+00  9.6837E+01
  6.0000E+00  9.6837E+01
  6.0000E+00  9.6837E+01
  6.0000E+00  9.6837E+01
  6.0000E+00  9.6837E+01
  7.0000E+00  1.1635E+02
  7.0000E+00  1.1635E+02
  7.0000E+00  1.1635E+02
  7.0000E+00  1.1635E+02
  7.0000E+00  1.1635E+02
  7.0000E+00  1.1635E+02
  7.0000E+00  1.1635E+02
  7.0000E+00  1.1635E+02
  7.0000E+00  1.1635E+02
  7.0000E+00  1.1635E+02
  8.0000E+00  1.5995E+02
  8.0000E+00  1.5995E+02
  8.0000E+00  1.5995E+02
  8.0000E+00  1.5995E+02
  8.0000E+00  1.5995E+02
  8.0000E+00  1.5995E+02
  8.0000E+00  1.5995E+02
  8.0000E+00  1.5995E+02
  8.0000E+00  1.5995E+02
  8.0000E+00  1.5995E+02
  9.0000E+00  6.0287E+01
  9.0000E+00  6.0287E+01
  9.0000E+00  6.0287E+01
  9.0000E+00  6.0287E+01
  9.0000E+00  6.0287E+01
  9.0000E+00  6.0287E+01
  9.0000E+00  6.0287E+01
  9.0000E+00  6.0287E+01
  9.0000E+00  6.0287E+01
  9.0000E+00  6.0287E+01
  1.0000E+01  7.9220E+01
  1.0000E+01  7.9220E+01
  1.0000E+01  7.9220E+01
  1.0000E+01  7.9220E+01
  1.0000E+01  7.9220E+01
  1.0000E+01  7.9220E+01
  1.0000E+01  7.9220E+01
  1.0000E+01  7.9220E+01
  1.0000E+01  7.9220E+01
  1.0000E+01  7.9220E+01
  1.1000E+01  1.0943E+02
  1.1000E+01  1.0943E+02
  1.1000E+01  1.0943E+02
  1.1000E+01  1.0943E+02
  1.1000E+01  1.0943E+02
  1.1000E+01  1.0943E+02
  1.1000E+01  1.0943E+02
  1.1000E+01  1.0943E+02
  1.1000E+01  1.0943E+02
  1.1000E+01  1.0943E+02
  1.2000E+01  1.2327E+02
  1.2000E+01  1.2327E+02
  1.2000E+01  1.2327E+02
  1.2000E+01  1.2327E+02
  1.2000E+01  1.2327E+02
  1.2000E+01  1.2327E+02
  1.2000E+01  1.2327E+02
  1.2000E+01  1.2327E+02
  1.2000E+01  1.2327E+02
  1.2000E+01  1.2327E+02
  1.3000E+01  6.8972E+01
  1.3000E+01  6.8972E+01
  1.3000E+01  6.8972E+01
  1.3000E+01  6.8972E+01
  1.3000E+01  6.8972E+01
  1.3000E+01  6.8972E+01
  1.3000E+01  6.8972E+01
  1.3000E+01  6.8972E+01
  1.3000E+01  6.8972E+01
  1.3000E+01  6.8972E+01
  1.4000E+01  7.2615E+01
  1.4000E+01  7.2615E+01
  1.4000E+01  7.2615E+01
  1.4000E+01  7.2615E+01
  1.4000E+01  7.2615E+01
  1.4000E+01  7.2615E+01
  1.4000E+01  7.2615E+01
  1.4000E+01  7.2615E+01
  1.4000E+01  7.2615E+01
  1.4000E+01  7.2615E+01
  1.5000E+01  5.2682E+01
  1.5000E+01  5.2682E+01
  1.5000E+01  5.2682E+01
  1.5000E+01  5.2682E+01
  1.5000E+01  5.2682E+01
  1.5000E+01  5.2682E+01
  1.5000E+01  5.2682E+01
  1.5000E+01  5.2682E+01
  1.5000E+01  5.2682E+01
  1.5000E+01  5.2682E+01
  1.6000E+01  1.2308E+02
  1.6000E+01  1.2308E+02
  1.6000E+01  1.2308E+02
  1.6000E+01  1.2308E+02
  1.6000E+01  1.2308E+02
  1.6000E+01  1.2308E+02
  1.6000E+01  1.2308E+02
  1.6000E+01  1.2308E+02
  1.6000E+01  1.2308E+02
  1.6000E+01  1.2308E+02
  1.7000E+01  6.6138E+01
  1.7000E+01  6.6138E+01
  1.7000E+01  6.6138E+01
  1.7000E+01  6.6138E+01
  1.7000E+01  6.6138E+01
  1.7000E+01  6.6138E+01
  1.7000E+01  6.6138E+01
  1.7000E+01  6.6138E+01
  1.7000E+01  6.6138E+01
  1.7000E+01  6.6138E+01
  1.8000E+01  1.2503E+02
  1.8000E+01  1.2503E+02
  1.8000E+01  1.2503E+02
  1.8000E+01  1.2503E+02
  1.8000E+01  1.2503E+02
  1.8000E+01  1.2503E+02
  1.8000E+01  1.2503E+02
  1.8000E+01  1.2503E+02
  1.8000E+01  1.2503E+02
  1.8000E+01  1.2503E+02
  1.9000E+01  9.5333E+01
  1.9000E+01  9.5333E+01
  1.9000E+01  9.5333E+01
  1.9000E+01  9.5333E+01
  1.9000E+01  9.5333E+01
  1.9000E+01  9.5333E+01
  1.9000E+01  9.5333E+01
  1.9000E+01  9.5333E+01
  1.9000E+01  9.5333E+01
  1.9000E+01  9.5333E+01
  2.0000E+01  7.9174E+01
  2.0000E+01  7.9174E+01
  2.0000E+01  7.9174E+01
  2.0000E+01  7.9174E+01
  2.0000E+01  7.9174E+01
  2.0000E+01  7.9174E+01
  2.0000E+01  7.9174E+01
  2.0000E+01  7.9174E+01
  2.0000E+01  7.9174E+01
  2.0000E+01  7.9174E+01
  2.1000E+01  1.6714E+02
  2.1000E+01  1.6714E+02
  2.1000E+01  1.6714E+02
  2.1000E+01  1.6714E+02
  2.1000E+01  1.6714E+02
  2.1000E+01  1.6714E+02
  2.1000E+01  1.6714E+02
  2.1000E+01  1.6714E+02
  2.1000E+01  1.6714E+02
  2.1000E+01  1.6714E+02
  2.2000E+01  9.1677E+01
  2.2000E+01  9.1677E+01
  2.2000E+01  9.1677E+01
  2.2000E+01  9.1677E+01
  2.2000E+01  9.1677E+01
  2.2000E+01  9.1677E+01
  2.2000E+01  9.1677E+01
  2.2000E+01  9.1677E+01
  2.2000E+01  9.1677E+01
  2.2000E+01  9.1677E+01
  2.3000E+01  1.0367E+02
  2.3000E+01  1.0367E+02
  2.3000E+01  1.0367E+02
  2.3000E+01  1.0367E+02
  2.3000E+01  1.0367E+02
  2.3000E+01  1.0367E+02
  2.3000E+01  1.0367E+02
  2.3000E+01  1.0367E+02
  2.3000E+01  1.0367E+02
  2.3000E+01  1.0367E+02
  2.4000E+01  1.1264E+02
  2.4000E+01  1.1264E+02
  2.4000E+01  1.1264E+02
  2.4000E+01  1.1264E+02
  2.4000E+01  1.1264E+02
  2.4000E+01  1.1264E+02
  2.4000E+01  1.1264E+02
  2.4000E+01  1.1264E+02
  2.4000E+01  1.1264E+02
  2.4000E+01  1.1264E+02
  2.5000E+01  5.7850E+01
  2.5000E+01  5.7850E+01
  2.5000E+01  5.7850E+01
  2.5000E+01  5.7850E+01
  2.5000E+01  5.7850E+01
  2.5000E+01  5.7850E+01
  2.5000E+01  5.7850E+01
  2.5000E+01  5.7850E+01
  2.5000E+01  5.7850E+01
  2.5000E+01  5.7850E+01
  2.6000E+01  9.3773E+01
  2.6000E+01  9.3773E+01
  2.6000E+01  9.3773E+01
  2.6000E+01  9.3773E+01
  2.6000E+01  9.3773E+01
  2.6000E+01  9.3773E+01
  2.6000E+01  9.3773E+01
  2.6000E+01  9.3773E+01
  2.6000E+01  9.3773E+01
  2.6000E+01  9.3773E+01
  2.7000E+01  6.3402E+01
  2.7000E+01  6.3402E+01
  2.7000E+01  6.3402E+01
  2.7000E+01  6.3402E+01
  2.7000E+01  6.3402E+01
  2.7000E+01  6.3402E+01
  2.7000E+01  6.3402E+01
  2.7000E+01  6.3402E+01
  2.7000E+01  6.3402E+01
  2.7000E+01  6.3402E+01
  2.8000E+01  7.4815E+01
  2.8000E+01  7.4815E+01
  2.8000E+01  7.4815E+01
  2.8000E+01  7.4815E+01
  2.8000E+01  7.4815E+01
  2.8000E+01  7.4815E+01
  2.8000E+01  7.4815E+01
  2.8000E+01  7.4815E+01
  2.8000E+01  7.4815E+01
  2.8000E+01  7.4815E+01
  2.9000E+01  1.1355E+02
  2.9000E+01  1.1355E+02
  2.9000E+01  1.1355E+02
  2.9000E+01  1.1355E+02
  2.9000E+01  1.1355E+02
  2.9000E+01  1.1355E+02
  2.9000E+01  1.1355E+02
  2.9000E+01  1.1355E+02
  2.9000E+01  1.1355E+02
  2.9000E+01  1.1355E+02
  3.0000E+01  1.2217E+02
  3.0000E+01  1.2217E+02
  3.0000E+01  1.2217E+02
  3.0000E+01  1.2217E+02
  3.0000E+01  1.2217E+02
  3.0000E+01  1.2217E+02
  3.0000E+01  1.2217E+02
  3.0000E+01  1.2217E+02
  3.0000E+01  1.2217E+02
  3.0000E+01  1.2217E+02
  3.1000E+01  5.9458E+01
  3.1000E+01  5.9458E+01
  3.1000E+01  5.9458E+01
  3.1000E+01  5.9458E+01
  3.1000E+01  5.9458E+01
  3.1000E+01  5.9458E+01
  3.1000E+01  5.9458E+01
  3.1000E+01  5.9458E+01
  3.1000E+01  5.9458E+01
  3.1000E+01  5.9458E+01
  3.2000E+01  4.6143E+01
  3.2000E+01  4.6143E+01
  3.2000E+01  4.6143E+01
  3.2000E+01  4.6143E+01
  3.2000E+01  4.6143E+01
  3.2000E+01  4.6143E+01
  3.2000E+01  4.6143E+01
  3.2000E+01  4.6143E+01
  3.2000E+01  4.6143E+01
  3.2000E+01  4.6143E+01
  3.3000E+01  7.6862E+01
  3.3000E+01  7.6862E+01
  3.3000E+01  7.6862E+01
  3.3000E+01  7.6862E+01
  3.3000E+01  7.6862E+01
  3.3000E+01  7.6862E+01
  3.3000E+01  7.6862E+01
  3.3000E+01  7.6862E+01
  3.3000E+01  7.6862E+01
  3.3000E+01  7.6862E+01
  3.4000E+01  1.3052E+02
  3.4000E+01  1.3052E+02
  3.4000E+01  1.3052E+02
  3.4000E+01  1.3052E+02
  3.4000E+01  1.3052E+02
  3.4000E+01  1.3052E+02
  3.4000E+01  1.3052E+02
  3.4000E+01  1.3052E+02
  3.4000E+01  1.3052E+02
  3.4000E+01  1.3052E+02
  3.5000E+01  5.4158E+01
  3.5000E+01  5.4158E+01
  3.5000E+01  5.4158E+01
  3.5000E+01  5.4158E+01
  3.5000E+01  5.4158E+01
  3.5000E+01  5.4158E+01
  3.5000E+01  5.4158E+01
  3.5000E+01  5.4158E+01
  3.5000E+01  5.4158E+01
  3.5000E+01  5.4158E+01
  3.6000E+01  7.4482E+01
  3.6000E+01  7.4482E+01
  3.6000E+01  7.4482E+01
  3.6000E+01  7.4482E+01
  3.6000E+01  7.4482E+01
  3.6000E+01  7.4482E+01
  3.6000E+01  7.4482E+01
  3.6000E+01  7.4482E+01
  3.6000E+01  7.4482E+01
  3.6000E+01  7.4482E+01
  3.7000E+01  7.5323E+01
  3.7000E+01  7.5323E+01
  3.7000E+01  7.5323E+01
  3.7000E+01  7.5323E+01
  3.7000E+01  7.5323E+01
  3.7000E+01  7.5323E+01
  3.7000E+01  7.5323E+01
  3.7000E+01  7.5323E+01
  3.7000E+01  7.5323E+01
  3.7000E+01  7.5323E+01
  3.8000E+01  7.4808E+01
  3.8000E+01  7.4808E+01
  3.8000E+01  7.4808E+01
  3.8000E+01  7.4808E+01
  3.8000E+01  7.4808E+01
  3.8000E+01  7.4808E+01
  3.8000E+01  7.4808E+01
  3.8000E+01  7.4808E+01
  3.8000E+01  7.4808E+01
  3.8000E+01  7.4808E+01
  3.9000E+01  8.2349E+01
  3.9000E+01  8.2349E+01
  3.9000E+01  8.2349E+01
  3.9000E+01  8.2349E+01
  3.9000E+01  8.2349E+01
  3.9000E+01  8.2349E+01
  3.9000E+01  8.2349E+01
  3.9000E+01  8.2349E+01
  3.9000E+01  8.2349E+01
  3.9000E+01  8.2349E+01
  4.0000E+01  4.2224E+01
  4.0000E+01  4.2224E+01
  4.0000E+01  4.2224E+01
  4.0000E+01  4.2224E+01
  4.0000E+01  4.2224E+01
  4.0000E+01  4.2224E+01
  4.0000E+01  4.2224E+01
  4.0000E+01  4.2224E+01
  4.0000E+01  4.2224E+01
  4.0000E+01  4.2224E+01
  4.1000E+01  1.1365E+02
  4.1000E+01  1.1365E+02
  4.1000E+01  1.1365E+02
  4.1000E+01  1.1365E+02
  4.1000E+01  1.1365E+02
  4.1000E+01  1.1365E+02
  4.1000E+01  1.1365E+02
  4.1000E+01  1.1365E+02
  4.1000E+01  1.1365E+02
  4.1000E+01  1.1365E+02
  4.2000E+01  1.0729E+02
  4.2000E+01  1.0729E+02
  4.2000E+01  1.0729E+02
  4.2000E+01  1.0729E+02
  4.2000E+01  1.0729E+02
  4.2000E+01  1.0729E+02
  4.2000E+01  1.0729E+02
  4.2000E+01  1.0729E+02
  4.2000E+01  1.0729E+02
  4.2000E+01  1.0729E+02
  4.3000E+01  9.8418E+01
  4.3000E+01  9.8418E+01
  4.3000E+01  9.8418E+01
  4.3000E+01  9.8418E+01
  4.3000E+01  9.8418E+01
  4.3000E+01  9.8418E+01
  4.3000E+01  9.8418E+01
  4.3000E+01  9.8418E+01
  4.3000E+01  9.8418E+01
  4.3000E+01  9.8418E+01
  4.4000E+01  1.1766E+02
  4.4000E+01  1.1766E+02
  4.4000E+01  1.1766E+02
  4.4000E+01  1.1766E+02
  4.4000E+01  1.1766E+02
  4.4000E+01  1.1766E+02
  4.4000E+01  1.1766E+02
  4.4000E+01  1.1766E+02
  4.4000E+01  1.1766E+02
  4.4000E+01  1.1766E+02
  4.5000E+01  1.0318E+02
  4.5000E+01  1.0318E+02
  4.5000E+01  1.0318E+02
  4.5000E+01  1.0318E+02
  4.5000E+01  1.0318E+02
  4.5000E+01  1.0318E+02
  4.5000E+01  1.0318E+02
  4.5000E+01  1.0318E+02
  4.5000E+01  1.0318E+02
  4.5000E+01  1.0318E+02
  4.6000E+01  1.4176E+02
  4.6000E+01  1.4176E+02
  4.6000E+01  1.4176E+02
  4.6000E+01  1.4176E+02
  4.6000E+01  1.4176E+02
  4.6000E+01  1.4176E+02
  4.6000E+01  1.4176E+02
  4.6000E+01  1.4176E+02
  4.6000E+01  1.4176E+02
  4.6000E+01  1.4176E+02
  4.7000E+01  6.1425E+01
  4.7000E+01  6.1425E+01
  4.7000E+01  6.1425E+01
  4.7000E+01  6.1425E+01
  4.7000E+01  6.1425E+01
  4.7000E+01  6.1425E+01
  4.7000E+01  6.1425E+01
  4.7000E+01  6.1425E+01
  4.7000E+01  6.1425E+01
  4.7000E+01  6.1425E+01
  4.8000E+01  4.3717E+01
  4.8000E+01  4.3717E+01
  4.8000E+01  4.3717E+01
  4.8000E+01  4.3717E+01
  4.8000E+01  4.3717E+01
  4.8000E+01  4.3717E+01
  4.8000E+01  4.3717E+01
  4.8000E+01  4.3717E+01
  4.8000E+01  4.3717E+01
  4.8000E+01  4.3717E+01
  4.9000E+01  4.7212E+01
  4.9000E+01  4.7212E+01
  4.9000E+01  4.7212E+01
  4.9000E+01  4.7212E+01
  4.9000E+01  4.7212E+01
  4.9000E+01  4.7212E+01
  4.9000E+01  4.7212E+01
  4.9000E+01  4.7212E+01
  4.9000E+01  4.7212E+01
  4.9000E+01  4.7212E+01
  5.0000E+01  7.8288E+01
  5.0000E+01  7.8288E+01
  5.0000E+01  7.8288E+01
  5.0000E+01  7.8288E+01
  5.0000E+01  7.8288E+01
  5.0000E+01  7.8288E+01
  5.0000E+01  7.8288E+01
  5.0000E+01  7.8288E+01
  5.0000E+01  7.8288E+01
  5.0000E+01  7.8288E+01
  5.1000E+01  8.8830E+01
  5.1000E+01  8.8830E+01
  5.1000E+01  8.8830E+01
  5.1000E+01  8.8830E+01
  5.1000E+01  8.8830E+01
  5.1000E+01  8.8830E+01
  5.1000E+01  8.8830E+01
  5.1000E+01  8.8830E+01
  5.1000E+01  8.8830E+01
  5.1000E+01  8.8830E+01
  5.2000E+01  1.5119E+02
  5.2000E+01  1.5119E+02
  5.2000E+01  1.5119E+02
  5.2000E+01  1.5119E+02
  5.2000E+01  1.5119E+02
  5.2000E+01  1.5119E+02
  5.2000E+01  1.5119E+02
  5.2000E+01  1.5119E+02
  5.2000E+01  1.5119E+02
  5.2000E+01  1.5119E+02
  5.3000E+01  6.5945E+01
  5.3000E+01  6.5945E+01
  5.3000E+01  6.5945E+01
  5.3000E+01  6.5945E+01
  5.3000E+01  6.5945E+01
  5.3000E+01  6.5945E+01
  5.3000E+01  6.5945E+01
  5.3000E+01  6.5945E+01
  5.3000E+01  6.5945E+01
  5.3000E+01  6.5945E+01
  5.4000E+01  1.3734E+02
  5.4000E+01  1.3734E+02
  5.4000E+01  1.3734E+02
  5.4000E+01  1.3734E+02
  5.4000E+01  1.3734E+02
  5.4000E+01  1.3734E+02
  5.4000E+01  1.3734E+02
  5.4000E+01  1.3734E+02
  5.4000E+01  1.3734E+02
  5.4000E+01  1.3734E+02
  5.5000E+01  8.4742E+01
  5.5000E+01  8.4742E+01
  5.5000E+01  8.4742E+01
  5.5000E+01  8.4742E+01
  5.5000E+01  8.4742E+01
  5.5000E+01  8.4742E+01
  5.5000E+01  8.4742E+01
  5.5000E+01  8.4742E+01
  5.5000E+01  8.4742E+01
  5.5000E+01  8.4742E+01
  5.6000E+01  1.2833E+02
  5.6000E+01  1.2833E+02
  5.6000E+01  1.2833E+02
  5.6000E+01  1.2833E+02
  5.6000E+01  1.2833E+02
  5.6000E+01  1.2833E+02
  5.6000E+01  1.2833E+02
  5.6000E+01  1.2833E+02
  5.6000E+01  1.2833E+02
  5.6000E+01  1.2833E+02
  5.7000E+01  5.6593E+01
  5.7000E+01  5.6593E+01
  5.7000E+01  5.6593E+01
  5.7000E+01  5.6593E+01
  5.7000E+01  5.6593E+01
  5.7000E+01  5.6593E+01
  5.7000E+01  5.6593E+01
  5.7000E+01  5.6593E+01
  5.7000E+01  5.6593E+01
  5.7000E+01  5.6593E+01
  5.8000E+01  7.2538E+01
  5.8000E+01  7.2538E+01
  5.8000E+01  7.2538E+01
  5.8000E+01  7.2538E+01
  5.8000E+01  7.2538E+01
  5.8000E+01  7.2538E+01
  5.8000E+01  7.2538E+01
  5.8000E+01  7.2538E+01
  5.8000E+01  7.2538E+01
  5.8000E+01  7.2538E+01
  5.9000E+01  7.1493E+01
  5.9000E+01  7.1493E+01
  5.9000E+01  7.1493E+01
  5.9000E+01  7.1493E+01
  5.9000E+01  7.1493E+01
  5.9000E+01  7.1493E+01
  5.9000E+01  7.1493E+01
  5.9000E+01  7.1493E+01
  5.9000E+01  7.1493E+01
  5.9000E+01  7.1493E+01
  6.0000E+01  7.3288E+01
  6.0000E+01  7.3288E+01
  6.0000E+01  7.3288E+01
  6.0000E+01  7.3288E+01
  6.0000E+01  7.3288E+01
  6.0000E+01  7.3288E+01
  6.0000E+01  7.3288E+01
  6.0000E+01  7.3288E+01
  6.0000E+01  7.3288E+01
  6.0000E+01  7.3288E+01
  6.1000E+01  6.7849E+01
  6.1000E+01  6.7849E+01
  6.1000E+01  6.7849E+01
  6.1000E+01  6.7849E+01
  6.1000E+01  6.7849E+01
  6.1000E+01  6.7849E+01
  6.1000E+01  6.7849E+01
  6.1000E+01  6.7849E+01
  6.1000E+01  6.7849E+01
  6.1000E+01  6.7849E+01
  6.2000E+01  5.4205E+01
  6.2000E+01  5.4205E+01
  6.2000E+01  5.4205E+01
  6.2000E+01  5.4205E+01
  6.2000E+01  5.4205E+01
  6.2000E+01  5.4205E+01
  6.2000E+01  5.4205E+01
  6.2000E+01  5.4205E+01
  6.2000E+01  5.4205E+01
  6.2000E+01  5.4205E+01
  6.3000E+01  8.2420E+01
  6.3000E+01  8.2420E+01
  6.3000E+01  8.2420E+01
  6.3000E+01  8.2420E+01
  6.3000E+01  8.2420E+01
  6.3000E+01  8.2420E+01
  6.3000E+01  8.2420E+01
  6.3000E+01  8.2420E+01
  6.3000E+01  8.2420E+01
  6.3000E+01  8.2420E+01
  6.4000E+01  1.0303E+02
  6.4000E+01  1.0303E+02
  6.4000E+01  1.0303E+02
  6.4000E+01  1.0303E+02
  6.4000E+01  1.0303E+02
  6.4000E+01  1.0303E+02
  6.4000E+01  1.0303E+02
  6.4000E+01  1.0303E+02
  6.4000E+01  1.0303E+02
  6.4000E+01  1.0303E+02
  6.5000E+01  4.6049E+01
  6.5000E+01  4.6049E+01
  6.5000E+01  4.6049E+01
  6.5000E+01  4.6049E+01
  6.5000E+01  4.6049E+01
  6.5000E+01  4.6049E+01
  6.5000E+01  4.6049E+01
  6.5000E+01  4.6049E+01
  6.5000E+01  4.6049E+01
  6.5000E+01  4.6049E+01
  6.6000E+01  1.2911E+02
  6.6000E+01  1.2911E+02
  6.6000E+01  1.2911E+02
  6.6000E+01  1.2911E+02
  6.6000E+01  1.2911E+02
  6.6000E+01  1.2911E+02
  6.6000E+01  1.2911E+02
  6.6000E+01  1.2911E+02
  6.6000E+01  1.2911E+02
  6.6000E+01  1.2911E+02
  6.7000E+01  4.2119E+01
  6.7000E+01  4.2119E+01
  6.7000E+01  4.2119E+01
  6.7000E+01  4.2119E+01
  6.7000E+01  4.2119E+01
  6.7000E+01  4.2119E+01
  6.7000E+01  4.2119E+01
  6.7000E+01  4.2119E+01
  6.7000E+01  4.2119E+01
  6.7000E+01  4.2119E+01
  6.8000E+01  1.0353E+02
  6.8000E+01  1.0353E+02
  6.8000E+01  1.0353E+02
  6.8000E+01  1.0353E+02
  6.8000E+01  1.0353E+02
  6.8000E+01  1.0353E+02
  6.8000E+01  1.0353E+02
  6.8000E+01  1.0353E+02
  6.8000E+01  1.0353E+02
  6.8000E+01  1.0353E+02
  6.9000E+01  5.1137E+01
  6.9000E+01  5.1137E+01
  6.9000E+01  5.1137E+01
  6.9000E+01  5.1137E+01
  6.9000E+01  5.1137E+01
  6.9000E+01  5.1137E+01
  6.9000E+01  5.1137E+01
  6.9000E+01  5.1137E+01
  6.9000E+01  5.1137E+01
  6.9000E+01  5.1137E+01
  7.0000E+01  1.1508E+02
  7.0000E+01  1.1508E+02
  7.0000E+01  1.1508E+02
  7.0000E+01  1.1508E+02
  7.0000E+01  1.1508E+02
  7.0000E+01  1.1508E+02
  7.0000E+01  1.1508E+02
  7.0000E+01  1.1508E+02
  7.0000E+01  1.1508E+02
  7.0000E+01  1.1508E+02
  7.1000E+01  8.2154E+01
  7.1000E+01  8.2154E+01
  7.1000E+01  8.2154E+01
  7.1000E+01  8.2154E+01
  7.1000E+01  8.2154E+01
  7.1000E+01  8.2154E+01
  7.1000E+01  8.2154E+01
  7.1000E+01  8.2154E+01
  7.1000E+01  8.2154E+01
  7.1000E+01  8.2154E+01
  7.2000E+01  1.0498E+02
  7.2000E+01  1.0498E+02
  7.2000E+01  1.0498E+02
  7.2000E+01  1.0498E+02
  7.2000E+01  1.0498E+02
  7.2000E+01  1.0498E+02
  7.2000E+01  1.0498E+02
  7.2000E+01  1.0498E+02
  7.2000E+01  1.0498E+02
  7.2000E+01  1.0498E+02
  7.3000E+01  1.4444E+02
  7.3000E+01  1.4444E+02
  7.3000E+01  1.4444E+02
  7.3000E+01  1.4444E+02
  7.3000E+01  1.4444E+02
  7.3000E+01  1.4444E+02
  7.3000E+01  1.4444E+02
  7.3000E+01  1.4444E+02
  7.3000E+01  1.4444E+02
  7.3000E+01  1.4444E+02
  7.4000E+01  9.8453E+01
  7.4000E+01  9.8453E+01
  7.4000E+01  9.8453E+01
  7.4000E+01  9.8453E+01
  7.4000E+01  9.8453E+01
  7.4000E+01  9.8453E+01
  7.4000E+01  9.8453E+01
  7.4000E+01  9.8453E+01
  7.4000E+01  9.8453E+01
  7.4000E+01  9.8453E+01
  7.5000E+01  6.0689E+01
  7.5000E+01  6.0689E+01
  7.5000E+01  6.0689E+01
  7.5000E+01  6.0689E+01
  7.5000E+01  6.0689E+01
  7.5000E+01  6.0689E+01
  7.5000E+01  6.0689E+01
  7.5000E+01  6.0689E+01
  7.5000E+01  6.0689E+01
  7.5000E+01  6.0689E+01
  7.6000E+01  6.2094E+01
  7.6000E+01  6.2094E+01
  7.6000E+01  6.2094E+01
  7.6000E+01  6.2094E+01
  7.6000E+01  6.2094E+01
  7.6000E+01  6.2094E+01
  7.6000E+01  6.2094E+01
  7.6000E+01  6.2094E+01
  7.6000E+01  6.2094E+01
  7.6000E+01  6.2094E+01
  7.7000E+01  9.1411E+01
  7.7000E+01  9.1411E+01
  7.7000E+01  9.1411E+01
  7.7000E+01  9.1411E+01
  7.7000E+01  9.1411E+01
  7.7000E+01  9.1411E+01
  7.7000E+01  9.1411E+01
  7.7000E+01  9.1411E+01
  7.7000E+01  9.1411E+01
  7.7000E+01  9.1411E+01
  7.8000E+01  8.8267E+01
  7.8000E+01  8.8267E+01
  7.8000E+01  8.8267E+01
  7.8000E+01  8.8267E+01
  7.8000E+01  8.8267E+01
  7.8000E+01  8.8267E+01
  7.8000E+01  8.8267E+01
  7.8000E+01  8.8267E+01
  7.8000E+01  8.8267E+01
  7.8000E+01  8.8267E+01
  7.9000E+01  9.3975E+01
  7.9000E+01  9.3975E+01
  7.9000E+01  9.3975E+01
  7.9000E+01  9.3975E+01
  7.9000E+01  9.3975E+01
  7.9000E+01  9.3975E+01
  7.9000E+01  9.3975E+01
  7.9000E+01  9.3975E+01
  7.9000E+01  9.3975E+01
  7.9000E+01  9.3975E+01
  8.0000E+01  1.1463E+02
  8.0000E+01  1.1463E+02
  8.0000E+01  1.1463E+02
  8.0000E+01  1.1463E+02
  8.0000E+01  1.1463E+02
  8.0000E+01  1.1463E+02
  8.0000E+01  1.1463E+02
  8.0000E+01  1.1463E+02
  8.0000E+01  1.1463E+02
  8.0000E+01  1.1463E+02
  8.1000E+01  9.0836E+01
  8.1000E+01  9.0836E+01
  8.1000E+01  9.0836E+01
  8.1000E+01  9.0836E+01
  8.1000E+01  9.0836E+01
  8.1000E+01  9.0836E+01
  8.1000E+01  9.0836E+01
  8.1000E+01  9.0836E+01
  8.1000E+01  9.0836E+01
  8.1000E+01  9.0836E+01
  8.2000E+01  5.3831E+01
  8.2000E+01  5.3831E+01
  8.2000E+01  5.3831E+01
  8.2000E+01  5.3831E+01
  8.2000E+01  5.3831E+01
  8.2000E+01  5.3831E+01
  8.2000E+01  5.3831E+01
  8.2000E+01  5.3831E+01
  8.2000E+01  5.3831E+01
  8.2000E+01  5.3831E+01
  8.3000E+01  1.2204E+02
  8.3000E+01  1.2204E+02
  8.3000E+01  1.2204E+02
  8.3000E+01  1.2204E+02
  8.3000E+01  1.2204E+02
  8.3000E+01  1.2204E+02
  8.3000E+01  1.2204E+02
  8.3000E+01  1.2204E+02
  8.3000E+01  1.2204E+02
  8.3000E+01  1.2204E+02
  8.4000E+01  8.5616E+01
  8.4000E+01  8.5616E+01
  8.4000E+01  8.5616E+01
  8.4000E+01  8.5616E+01
  8.4000E+01  8.5616E+01
  8.4000E+01  8.5616E+01
  8.4000E+01  8.5616E+01
  8.4000E+01  8.5616E+01
  8.4000E+01  8.5616E+01
  8.4000E+01  8.5616E+01
  8.5000E+01  5.9916E+01
  8.5000E+01  5.9916E+01
  8.5000E+01  5.9916E+01
  8.5000E+01  5.9916E+01
  8.5000E+01  5.9916E+01
  8.5000E+01  5.9916E+01
  8.5000E+01  5.9916E+01
  8.5000E+01  5.9916E+01
  8.5000E+01  5.9916E+01
  8.5000E+01  5.9916E+01
  8.6000E+01  1.2169E+02
  8.6000E+01  1.2169E+02
  8.6000E+01  1.2169E+02
  8.6000E+01  1.2169E+02
  8.6000E+01  1.2169E+02
  8.6000E+01  1.2169E+02
  8.6000E+01  1.2169E+02
  8.6000E+01  1.2169E+02
  8.6000E+01  1.2169E+02
  8.6000E+01  1.2169E+02
  8.7000E+01  1.3513E+02
  8.7000E+01  1.3513E+02
  8.7000E+01  1.3513E+02
  8.7000E+01  1.3513E+02
  8.7000E+01  1.3513E+02
  8.7000E+01  1.3513E+02
  8.7000E+01  1.3513E+02
  8.7000E+01  1.3513E+02
  8.7000E+01  1.3513E+02
  8.7000E+01  1.3513E+02
  8.8000E+01  5.8116E+01
  8.8000E+01  5.8116E+01
  8.8000E+01  5.8116E+01
  8.8000E+01  5.8116E+01
  8.8000E+01  5.8116E+01
  8.8000E+01  5.8116E+01
  8.8000E+01  5.8116E+01
  8.8000E+01  5.8116E+01
  8.8000E+01  5.8116E+01
  8.8000E+01  5.8116E+01
  8.9000E+01  7.0329E+01
  8.9000E+01  7.0329E+01
  8.9000E+01  7.0329E+01
  8.9000E+01  7.0329E+01
  8.9000E+01  7.0329E+01
  8.9000E+01  7.0329E+01
  8.9000E+01  7.0329E+01
  8.9000E+01  7.0329E+01
  8.9000E+01  7.0329E+01
  8.9000E+01  7.0329E+01
  9.0000E+01  7.3799E+01
  9.0000E+01  7.3799E+01
  9.0000E+01  7.3799E+01
  9.0000E+01  7.3799E+01
  9.0000E+01  7.3799E+01
  9.0000E+01  7.3799E+01
  9.0000E+01  7.3799E+01
  9.0000E+01  7.3799E+01
  9.0000E+01  7.3799E+01
  9.0000E+01  7.3799E+01
  9.1000E+01  7.6211E+01
  9.1000E+01  7.6211E+01
  9.1000E+01  7.6211E+01
  9.1000E+01  7.6211E+01
  9.1000E+01  7.6211E+01
  9.1000E+01  7.6211E+01
  9.1000E+01  7.6211E+01
  9.1000E+01  7.6211E+01
  9.1000E+01  7.6211E+01
  9.1000E+01  7.6211E+01
  9.2000E+01  4.6504E+01
  9.2000E+01  4.6504E+01
  9.2000E+01  4.6504E+01
  9.2000E+01  4.6504E+01
  9.2000E+01  4.6504E+01
  9.2000E+01  4.6504E+01
  9.2000E+01  4.6504E+01
  9.2000E+01  4.6504E+01
  9.2000E+01  4.6504E+01
  9.2000E+01  4.6504E+01
  9.3000E+01  6.2426E+01
  9.3000E+01  6.2426E+01
  9.3000E+01  6.2426E+01
  9.3000E+01  6.2426E+01
  9.3000E+01  6.2426E+01
  9.3000E+01  6.2426E+01
  9.3000E+01  6.2426E+01
  9.3000E+01  6.2426E+01
  9.3000E+01  6.2426E+01
  9.3000E+01  6.2426E+01
  9.4000E+01  7.6198E+01
  9.4000E+01  7.6198E+01
  9.4000E+01  7.6198E+01
  9.4000E+01  7.6198E+01
  9.4000E+01  7.6198E+01
  9.4000E+01  7.6198E+01
  9.4000E+01  7.6198E+01
  9.4000E+01  7.6198E+01
  9.4000E+01  7.6198E+01
  9.4000E+01  7.6198E+01
  9.5000E+01  1.1847E+02
  9.5000E+01  1.1847E+02
  9.5000E+01  1.1847E+02
  9.5000E+01  1.1847E+02
  9.5000E+01  1.1847E+02
  9.5000E+01  1.1847E+02
  9.5000E+01  1.1847E+02
  9.5000E+01  1.1847E+02
  9.5000E+01  1.1847E+02
  9.5000E+01  1.1847E+02
  9.6000E+01  1.4520E+02
  9.6000E+01  1.4520E+02
  9.6000E+01  1.4520E+02
  9.6000E+01  1.4520E+02
  9.6000E+01  1.4520E+02
  9.6000E+01  1.4520E+02
  9.6000E+01  1.4520E+02
  9.6000E+01  1.4520E+02
  9.6000E+01  1.4520E+02
  9.6000E+01  1.4520E+02
  9.7000E+01  9.5887E+01
  9.7000E+01  9.5887E+01
  9.7000E+01  9.5887E+01
  9.7000E+01  9.5887E+01
  9.7000E+01  9.5887E+01
  9.7000E+01  9.5887E+01
  9.7000E+01  9.5887E+01
  9.7000E+01  9.5887E+01
  9.7000E+01  9.5887E+01
  9.7000E+01  9.5887E+01
  9.8000E+01  5.9581E+01
  9.8000E+01  5.9581E+01
  9.8000E+01  5.9581E+01
  9.8000E+01  5.9581E+01
  9.8000E+01  5.9581E+01
  9.8000E+01  5.9581E+01
  9.8000E+01  5.9581E+01
  9.8000E+01  5.9581E+01
  9.8000E+01  5.9581E+01
  9.8000E+01  5.9581E+01
  9.9000E+01  1.0173E+02
  9.9000E+01  1.0173E+02
  9.9000E+01  1.0173E+02
  9.9000E+01  1.0173E+02
  9.9000E+01  1.0173E+02
  9.9000E+01  1.0173E+02
  9.9000E+01  1.0173E+02
  9.9000E+01  1.0173E+02
  9.9000E+01  1.0173E+02
  9.9000E+01  1.0173E+02
  1.0000E+02  7.8289E+01
  1.0000E+02  7.8289E+01
  1.0000E+02  7.8289E+01
  1.0000E+02  7.8289E+01
  1.0000E+02  7.8289E+01
  1.0000E+02  7.8289E+01
  1.0000E+02  7.8289E+01
  1.0000E+02  7.8289E+01
  1.0000E+02  7.8289E+01
  1.0000E+02  7.8289E+01
  1.0100E+02  8.0096E+01
  1.0100E+02  8.0096E+01
  1.0100E+02  8.0096E+01
  1.0100E+02  8.0096E+01
  1.0100E+02  8.0096E+01
  1.0100E+02  8.0096E+01
  1.0100E+02  8.0096E+01
  1.0100E+02  8.0096E+01
  1.0100E+02  8.0096E+01
  1.0100E+02  8.0096E+01
  1.0200E+02  5.4969E+01
  1.0200E+02  5.4969E+01
  1.0200E+02  5.4969E+01
  1.0200E+02  5.4969E+01
  1.0200E+02  5.4969E+01
  1.0200E+02  5.4969E+01
  1.0200E+02  5.4969E+01
  1.0200E+02  5.4969E+01
  1.0200E+02  5.4969E+01
  1.0200E+02  5.4969E+01
  1.0300E+02  8.1093E+01
  1.0300E+02  8.1093E+01
  1.0300E+02  8.1093E+01
  1.0300E+02  8.1093E+01
  1.0300E+02  8.1093E+01
  1.0300E+02  8.1093E+01
  1.0300E+02  8.1093E+01
  1.0300E+02  8.1093E+01
  1.0300E+02  8.1093E+01
  1.0300E+02  8.1093E+01
  1.0400E+02  7.0312E+01
  1.0400E+02  7.0312E+01
  1.0400E+02  7.0312E+01
  1.0400E+02  7.0312E+01
  1.0400E+02  7.0312E+01
  1.0400E+02  7.0312E+01
  1.0400E+02  7.0312E+01
  1.0400E+02  7.0312E+01
  1.0400E+02  7.0312E+01
  1.0400E+02  7.0312E+01
  1.0500E+02  8.3182E+01
  1.0500E+02  8.3182E+01
  1.0500E+02  8.3182E+01
  1.0500E+02  8.3182E+01
  1.0500E+02  8.3182E+01
  1.0500E+02  8.3182E+01
  1.0500E+02  8.3182E+01
  1.0500E+02  8.3182E+01
  1.0500E+02  8.3182E+01
  1.0500E+02  8.3182E+01
  1.0600E+02  1.3612E+02
  1.0600E+02  1.3612E+02
  1.0600E+02  1.3612E+02
  1.0600E+02  1.3612E+02
  1.0600E+02  1.3612E+02
  1.0600E+02  1.3612E+02
  1.0600E+02  1.3612E+02
  1.0600E+02  1.3612E+02
  1.0600E+02  1.3612E+02
  1.0600E+02  1.3612E+02
  1.0700E+02  1.0790E+02
  1.0700E+02  1.0790E+02
  1.0700E+02  1.0790E+02
  1.0700E+02  1.0790E+02
  1.0700E+02  1.0790E+02
  1.0700E+02  1.0790E+02
  1.0700E+02  1.0790E+02
  1.0700E+02  1.0790E+02
  1.0700E+02  1.0790E+02
  1.0700E+02  1.0790E+02
  1.0800E+02  1.4111E+02
  1.0800E+02  1.4111E+02
  1.0800E+02  1.4111E+02
  1.0800E+02  1.4111E+02
  1.0800E+02  1.4111E+02
  1.0800E+02  1.4111E+02
  1.0800E+02  1.4111E+02
  1.0800E+02  1.4111E+02
  1.0800E+02  1.4111E+02
  1.0800E+02  1.4111E+02
  1.0900E+02  1.4698E+02
  1.0900E+02  1.4698E+02
  1.0900E+02  1.4698E+02
  1.0900E+02  1.4698E+02
  1.0900E+02  1.4698E+02
  1.0900E+02  1.4698E+02
  1.0900E+02  1.4698E+02
  1.0900E+02  1.4698E+02
  1.0900E+02  1.4698E+02
  1.0900E+02  1.4698E+02
  1.1000E+02  6.3677E+01
  1.1000E+02  6.3677E+01
  1.1000E+02  6.3677E+01
  1.1000E+02  6.3677E+01
  1.1000E+02  6.3677E+01
  1.1000E+02  6.3677E+01
  1.1000E+02  6.3677E+01
  1.1000E+02  6.3677E+01
  1.1000E+02  6.3677E+01
  1.1000E+02  6.3677E+01
  1.1100E+02  5.7197E+01
  1.1100E+02  5.7197E+01
  1.1100E+02  5.7197E+01
  1.1100E+02  5.7197E+01
  1.1100E+02  5.7197E+01
  1.1100E+02  5.7197E+01
  1.1100E+02  5.7197E+01
  1.1100E+02  5.7197E+01
  1.1100E+02  5.7197E+01
  1.1100E+02  5.7197E+01
  1.1200E+02  5.4673E+01
  1.1200E+02  5.4673E+01
  1.1200E+02  5.4673E+01
  1.1200E+02  5.4673E+01
  1.1200E+02  5.4673E+01
  1.1200E+02  5.4673E+01
  1.1200E+02  5.4673E+01
  1.1200E+02  5.4673E+01
  1.1200E+02  5.4673E+01
  1.1200E+02  5.4673E+01
  1.1300E+02  7.9658E+01
  1.1300E+02  7.9658E+01
  1.1300E+02  7.9658E+01
  1.1300E+02  7.9658E+01
  1.1300E+02  7.9658E+01
  1.1300E+02  7.9658E+01
  1.1300E+02  7.9658E+01
  1.1300E+02  7.9658E+01
  1.1300E+02  7.9658E+01
  1.1300E+02  7.9658E+01
  1.1400E+02  8.1497E+01
  1.1400E+02  8.1497E+01
  1.1400E+02  8.1497E+01
  1.1400E+02  8.1497E+01
  1.1400E+02  8.1497E+01
  1.1400E+02  8.1497E+01
  1.1400E+02  8.1497E+01
  1.1400E+02  8.1497E+01
  1.1400E+02  8.1497E+01
  1.1400E+02  8.1497E+01
  1.1500E+02  8.0889E+01
  1.1500E+02  8.0889E+01
  1.1500E+02  8.0889E+01
  1.1500E+02  8.0889E+01
  1.1500E+02  8.0889E+01
  1.1500E+02  8.0889E+01
  1.1500E+02  8.0889E+01
  1.1500E+02  8.0889E+01
  1.1500E+02  8.0889E+01
  1.1500E+02  8.0889E+01
  1.1600E+02  1.3405E+02
  1.1600E+02  1.3405E+02
  1.1600E+02  1.3405E+02
  1.1600E+02  1.3405E+02
  1.1600E+02  1.3405E+02
  1.1600E+02  1.3405E+02
  1.1600E+02  1.3405E+02
  1.1600E+02  1.3405E+02
  1.1600E+02  1.3405E+02
  1.1600E+02  1.3405E+02
  1.1700E+02  7.2634E+01
  1.1700E+02  7.2634E+01
  1.1700E+02  7.2634E+01
  1.1700E+02  7.2634E+01
  1.1700E+02  7.2634E+01
  1.1700E+02  7.2634E+01
  1.1700E+02  7.2634E+01
  1.1700E+02  7.2634E+01
  1.1700E+02  7.2634E+01
  1.1700E+02  7.2634E+01
  1.1800E+02  9.3408E+01
  1.1800E+02  9.3408E+01
  1.1800E+02  9.3408E+01
  1.1800E+02  9.3408E+01
  1.1800E+02  9.3408E+01
  1.1800E+02  9.3408E+01
  1.1800E+02  9.3408E+01
  1.1800E+02  9.3408E+01
  1.1800E+02  9.3408E+01
  1.1800E+02  9.3408E+01
  1.1900E+02  1.2648E+02
  1.1900E+02  1.2648E+02
  1.1900E+02  1.2648E+02
  1.1900E+02  1.2648E+02
  1.1900E+02  1.2648E+02
  1.1900E+02  1.2648E+02
  1.1900E+02  1.2648E+02
  1.1900E+02  1.2648E+02
  1.1900E+02  1.2648E+02
  1.1900E+02  1.2648E+02
  1.2000E+02  1.2233E+02
  1.2000E+02  1.2233E+02
  1.2000E+02  1.2233E+02
  1.2000E+02  1.2233E+02
  1.2000E+02  1.2233E+02
  1.2000E+02  1.2233E+02
  1.2000E+02  1.2233E+02
  1.2000E+02  1.2233E+02
  1.2000E+02  1.2233E+02
  1.2000E+02  1.2233E+02
  1.2100E+02  1.2982E+02
  1.2100E+02  1.2982E+02
  1.2100E+02  1.2982E+02
  1.2100E+02  1.2982E+02
  1.2100E+02  1.2982E+02
  1.2100E+02  1.2982E+02
  1.2100E+02  1.2982E+02
  1.2100E+02  1.2982E+02
  1.2100E+02  1.2982E+02
  1.2100E+02  1.2982E+02
  1.2200E+02  1.0697E+02
  1.2200E+02  1.0697E+02
  1.2200E+02  1.0697E+02
  1.2200E+02  1.0697E+02
  1.2200E+02  1.0697E+02
  1.2200E+02  1.0697E+02
  1.2200E+02  1.0697E+02
  1.2200E+02  1.0697E+02
  1.2200E+02  1.0697E+02
  1.2200E+02  1.0697E+02
  1.2300E+02  1.0126E+02
  1.2300E+02  1.0126E+02
  1.2300E+02  1.0126E+02
  1.2300E+02  1.0126E+02
  1.2300E+02  1.0126E+02
  1.2300E+02  1.0126E+02
  1.2300E+02  1.0126E+02
  1.2300E+02  1.0126E+02
  1.2300E+02  1.0126E+02
  1.2300E+02  1.0126E+02
  1.2400E+02  5.4597E+01
  1.2400E+02  5.4597E+01
  1.2400E+02  5.4597E+01
  1.2400E+02  5.4597E+01
  1.2400E+02  5.4597E+01
  1.2400E+02  5.4597E+01
  1.2400E+02  5.4597E+01
  1.2400E+02  5.4597E+01
  1.2400E+02  5.4597E+01
  1.2400E+02  5.4597E+01
  1.2500E+02  5.9259E+01
  1.2500E+02  5.9259E+01
  1.2500E+02  5.9259E+01
  1.2500E+02  5.9259E+01
  1.2500E+02  5.9259E+01
  1.2500E+02  5.9259E+01
  1.2500E+02  5.9259E+01
  1.2500E+02  5.9259E+01
  1.2500E+02  5.9259E+01
  1.2500E+02  5.9259E+01
  1.2600E+02  5.6704E+01
  1.2600E+02  5.6704E+01
  1.2600E+02  5.6704E+01
  1.2600E+02  5.6704E+01
  1.2600E+02  5.6704E+01
  1.2600E+02  5.6704E+01
  1.2600E+02  5.6704E+01
  1.2600E+02  5.6704E+01
  1.2600E+02  5.6704E+01
  1.2600E+02  5.6704E+01
  1.2700E+02  5.3727E+01
  1.2700E+02  5.3727E+01
  1.2700E+02  5.3727E+01
  1.2700E+02  5.3727E+01
  1.2700E+02  5.3727E+01
  1.2700E+02  5.3727E+01
  1.2700E+02  5.3727E+01
  1.2700E+02  5.3727E+01
  1.2700E+02  5.3727E+01
  1.2700E+02  5.3727E+01
  1.2800E+02  1.2276E+02
  1.2800E+02  1.2276E+02
  1.2800E+02  1.2276E+02
  1.2800E+02  1.2276E+02
  1.2800E+02  1.2276E+02
  1.2800E+02  1.2276E+02
  1.2800E+02  1.2276E+02
  1.2800E+02  1.2276E+02
  1.2800E+02  1.2276E+02
  1.2800E+02  1.2276E+02
  1.2900E+02  4.6638E+01
  1.2900E+02  4.6638E+01
  1.2900E+02  4.6638E+01
  1.2900E+02  4.6638E+01
  1.2900E+02  4.6638E+01
  1.2900E+02  4.6638E+01
  1.2900E+02  4.6638E+01
  1.2900E+02  4.6638E+01
  1.2900E+02  4.6638E+01
  1.2900E+02  4.6638E+01
  1.3000E+02  6.0661E+01
  1.3000E+02  6.0661E+01
  1.3000E+02  6.0661E+01
  1.3000E+02  6.0661E+01
  1.3000E+02  6.0661E+01
  1.3000E+02  6.0661E+01
  1.3000E+02  6.0661E+01
  1.3000E+02  6.0661E+01
  1.3000E+02  6.0661E+01
  1.3000E+02  6.0661E+01
  1.3100E+02  9.9968E+01
  1.3100E+02  9.9968E+01
  1.3100E+02  9.9968E+01
  1.3100E+02  9.9968E+01
  1.3100E+02  9.9968E+01
  1.3100E+02  9.9968E+01
  1.3100E+02  9.9968E+01
  1.3100E+02  9.9968E+01
  1.3100E+02  9.9968E+01
  1.3100E+02  9.9968E+01
  1.3200E+02  7.8156E+01
  1.3200E+02  7.8156E+01
  1.3200E+02  7.8156E+01
  1.3200E+02  7.8156E+01
  1.3200E+02  7.8156E+01
  1.3200E+02  7.8156E+01
  1.3200E+02  7.8156E+01
  1.3200E+02  7.8156E+01
  1.3200E+02  7.8156E+01
  1.3200E+02  7.8156E+01
  1.3300E+02  9.8263E+01
  1.3300E+02  9.8263E+01
  1.3300E+02  9.8263E+01
  1.3300E+02  9.8263E+01
  1.3300E+02  9.8263E+01
  1.3300E+02  9.8263E+01
  1.3300E+02  9.8263E+01
  1.3300E+02  9.8263E+01
  1.3300E+02  9.8263E+01
  1.3300E+02  9.8263E+01
  1.3400E+02  1.6608E+02
  1.3400E+02  1.6608E+02
  1.3400E+02  1.6608E+02
  1.3400E+02  1.6608E+02
  1.3400E+02  1.6608E+02
  1.3400E+02  1.6608E+02
  1.3400E+02  1.6608E+02
  1.3400E+02  1.6608E+02
  1.3400E+02  1.6608E+02
  1.3400E+02  1.6608E+02
  1.3500E+02  1.1990E+02
  1.3500E+02  1.1990E+02
  1.3500E+02  1.1990E+02
  1.3500E+02  1.1990E+02
  1.3500E+02  1.1990E+02
  1.3500E+02  1.1990E+02
  1.3500E+02  1.1990E+02
  1.3500E+02  1.1990E+02
  1.3500E+02  1.1990E+02
  1.3500E+02  1.1990E+02
  1.3600E+02  9.8725E+01
  1.3600E+02  9.8725E+01
  1.3600E+02  9.8725E+01
  1.3600E+02  9.8725E+01
  1.3600E+02  9.8725E+01
  1.3600E+02  9.8725E+01
  1.3600E+02  9.8725E+01
  1.3600E+02  9.8725E+01
  1.3600E+02  9.8725E+01
  1.3600E+02  9.8725E+01
  1.3700E+02  7.0000E+01
  1.3700E+02  7.0000E+01
  1.3700E+02  7.0000E+01
  1.3700E+02  7.0000E+01
  1.3700E+02  7.0000E+01
  1.3700E+02  7.0000E+01
  1.3700E+02  7.0000E+01
  1.3700E+02  7.0000E+01
  1.3700E+02  7.0000E+01
  1.3700E+02  7.0000E+01
  1.3800E+02  8.5764E+01
  1.3800E+02  8.5764E+01
  1.3800E+02  8.5764E+01
  1.3800E+02  8.5764E+01
  1.3800E+02  8.5764E+01
  1.3800E+02  8.5764E+01
  1.3800E+02  8.5764E+01
  1.3800E+02  8.5764E+01
  1.3800E+02  8.5764E+01
  1.3800E+02  8.5764E+01
  1.3900E+02  4.7587E+01
  1.3900E+02  4.7587E+01
  1.3900E+02  4.7587E+01
  1.3900E+02  4.7587E+01
  1.3900E+02  4.7587E+01
  1.3900E+02  4.7587E+01
  1.3900E+02  4.7587E+01
  1.3900E+02  4.7587E+01
  1.3900E+02  4.7587E+01
  1.3900E+02  4.7587E+01
  1.4000E+02  1.2315E+02
  1.4000E+02  1.2315E+02
  1.4000E+02  1.2315E+02
  1.4000E+02  1.2315E+02
  1.4000E+02  1.2315E+02
  1.4000E+02  1.2315E+02
  1.4000E+02  1.2315E+02
  1.4000E+02  1.2315E+02
  1.4000E+02  1.2315E+02
  1.4000E+02  1.2315E+02
  1.4100E+02  1.5244E+02
  1.4100E+02  1.5244E+02
  1.4100E+02  1.5244E+02
  1.4100E+02  1.5244E+02
  1.4100E+02  1.5244E+02
  1.4100E+02  1.5244E+02
  1.4100E+02  1.5244E+02
  1.4100E+02  1.5244E+02
  1.4100E+02  1.5244E+02
  1.4100E+02  1.5244E+02
  1.4200E+02  1.0357E+02
  1.4200E+02  1.0357E+02
  1.4200E+02  1.0357E+02
  1.4200E+02  1.0357E+02
  1.4200E+02  1.0357E+02
  1.4200E+02  1.0357E+02
  1.4200E+02  1.0357E+02
  1.4200E+02  1.0357E+02
  1.4200E+02  1.0357E+02
  1.4200E+02  1.0357E+02
  1.4300E+02  1.2952E+02
  1.4300E+02  1.2952E+02
  1.4300E+02  1.2952E+02
  1.4300E+02  1.2952E+02
  1.4300E+02  1.2952E+02
  1.4300E+02  1.2952E+02
  1.4300E+02  1.2952E+02
  1.4300E+02  1.2952E+02
  1.4300E+02  1.2952E+02
  1.4300E+02  1.2952E+02
  1.4400E+02  6.8493E+01
  1.4400E+02  6.8493E+01
  1.4400E+02  6.8493E+01
  1.4400E+02  6.8493E+01
  1.4400E+02  6.8493E+01
  1.4400E+02  6.8493E+01
  1.4400E+02  6.8493E+01
  1.4400E+02  6.8493E+01
  1.4400E+02  6.8493E+01
  1.4400E+02  6.8493E+01
  1.4500E+02  1.7456E+02
  1.4500E+02  1.7456E+02
  1.4500E+02  1.7456E+02
  1.4500E+02  1.7456E+02
  1.4500E+02  1.7456E+02
  1.4500E+02  1.7456E+02
  1.4500E+02  1.7456E+02
  1.4500E+02  1.7456E+02
  1.4500E+02  1.7456E+02
  1.4500E+02  1.7456E+02
  1.4600E+02  6.0795E+01
  1.4600E+02  6.0795E+01
  1.4600E+02  6.0795E+01
  1.4600E+02  6.0795E+01
  1.4600E+02  6.0795E+01
  1.4600E+02  6.0795E+01
  1.4600E+02  6.0795E+01
  1.4600E+02  6.0795E+01
  1.4600E+02  6.0795E+01
  1.4600E+02  6.0795E+01
  1.4700E+02  6.9882E+01
  1.4700E+02  6.9882E+01
  1.4700E+02  6.9882E+01
  1.4700E+02  6.9882E+01
  1.4700E+02  6.9882E+01
  1.4700E+02  6.9882E+01
  1.4700E+02  6.9882E+01
  1.4700E+02  6.9882E+01
  1.4700E+02  6.9882E+01
  1.4700E+02  6.9882E+01
  1.4800E+02  6.2459E+01
  1.4800E+02  6.2459E+01
  1.4800E+02  6.2459E+01
  1.4800E+02  6.2459E+01
  1.4800E+02  6.2459E+01
  1.4800E+02  6.2459E+01
  1.4800E+02  6.2459E+01
  1.4800E+02  6.2459E+01
  1.4800E+02  6.2459E+01
  1.4800E+02  6.2459E+01
  1.4900E+02  5.2987E+01
  1.4900E+02  5.2987E+01
  1.4900E+02  5.2987E+01
  1.4900E+02  5.2987E+01
  1.4900E+02  5.2987E+01
  1.4900E+02  5.2987E+01
  1.4900E+02  5.2987E+01
  1.4900E+02  5.2987E+01
  1.4900E+02  5.2987E+01
  1.4900E+02  5.2987E+01
  1.5000E+02  7.8754E+01
  1.5000E+02  7.8754E+01
  1.5000E+02  7.8754E+01
  1.5000E+02  7.8754E+01
  1.5000E+02  7.8754E+01
  1.5000E+02  7.8754E+01
  1.5000E+02  7.8754E+01
  1.5000E+02  7.8754E+01
  1.5000E+02  7.8754E+01
  1.5000E+02  7.8754E+01
  1.5100E+02  6.8149E+01
  1.5100E+02  6.8149E+01
  1.5100E+02  6.8149E+01
  1.5100E+02  6.8149E+01
  1.5100E+02  6.8149E+01
  1.5100E+02  6.8149E+01
  1.5100E+02  6.8149E+01
  1.5100E+02  6.8149E+01
  1.5100E+02  6.8149E+01
  1.5100E+02  6.8149E+01
  1.5200E+02  6.6618E+01
  1.5200E+02  6.6618E+01
  1.5200E+02  6.6618E+01
  1.5200E+02  6.6618E+01
  1.5200E+02  6.6618E+01
  1.5200E+02  6.6618E+01
  1.5200E+02  6.6618E+01
  1.5200E+02  6.6618E+01
  1.5200E+02  6.6618E+01
  1.5200E+02  6.6618E+01
  1.5300E+02  5.7406E+01
  1.5300E+02  5.7406E+01
  1.5300E+02  5.7406E+01
  1.5300E+02  5.7406E+01
  1.5300E+02  5.7406E+01
  1.5300E+02  5.7406E+01
  1.5300E+02  5.7406E+01
  1.5300E+02  5.7406E+01
  1.5300E+02  5.7406E+01
  1.5300E+02  5.7406E+01
  1.5400E+02  5.4621E+01
  1.5400E+02  5.4621E+01
  1.5400E+02  5.4621E+01
  1.5400E+02  5.4621E+01
  1.5400E+02  5.4621E+01
  1.5400E+02  5.4621E+01
  1.5400E+02  5.4621E+01
  1.5400E+02  5.4621E+01
  1.5400E+02  5.4621E+01
  1.5400E+02  5.4621E+01
  1.5500E+02  7.5022E+01
  1.5500E+02  7.5022E+01
  1.5500E+02  7.5022E+01
  1.5500E+02  7.5022E+01
  1.5500E+02  7.5022E+01
  1.5500E+02  7.5022E+01
  1.5500E+02  7.5022E+01
  1.5500E+02  7.5022E+01
  1.5500E+02  7.5022E+01
  1.5500E+02  7.5022E+01
  1.5600E+02  7.1954E+01
  1.5600E+02  7.1954E+01
  1.5600E+02  7.1954E+01
  1.5600E+02  7.1954E+01
  1.5600E+02  7.1954E+01
  1.5600E+02  7.1954E+01
  1.5600E+02  7.1954E+01
  1.5600E+02  7.1954E+01
  1.5600E+02  7.1954E+01
  1.5600E+02  7.1954E+01
  1.5700E+02  1.0263E+02
  1.5700E+02  1.0263E+02
  1.5700E+02  1.0263E+02
  1.5700E+02  1.0263E+02
  1.5700E+02  1.0263E+02
  1.5700E+02  1.0263E+02
  1.5700E+02  1.0263E+02
  1.5700E+02  1.0263E+02
  1.5700E+02  1.0263E+02
  1.5700E+02  1.0263E+02
  1.5800E+02  1.4418E+02
  1.5800E+02  1.4418E+02
  1.5800E+02  1.4418E+02
  1.5800E+02  1.4418E+02
  1.5800E+02  1.4418E+02
  1.5800E+02  1.4418E+02
  1.5800E+02  1.4418E+02
  1.5800E+02  1.4418E+02
  1.5800E+02  1.4418E+02
  1.5800E+02  1.4418E+02
  1.5900E+02  7.9515E+01
  1.5900E+02  7.9515E+01
  1.5900E+02  7.9515E+01
  1.5900E+02  7.9515E+01
  1.5900E+02  7.9515E+01
  1.5900E+02  7.9515E+01
  1.5900E+02  7.9515E+01
  1.5900E+02  7.9515E+01
  1.5900E+02  7.9515E+01
  1.5900E+02  7.9515E+01
  1.6000E+02  7.9530E+01
  1.6000E+02  7.9530E+01
  1.6000E+02  7.9530E+01
  1.6000E+02  7.9530E+01
  1.6000E+02  7.9530E+01
  1.6000E+02  7.9530E+01
  1.6000E+02  7.9530E+01
  1.6000E+02  7.9530E+01
  1.6000E+02  7.9530E+01
  1.6000E+02  7.9530E+01
  1.6100E+02  1.2511E+02
  1.6100E+02  1.2511E+02
  1.6100E+02  1.2511E+02
  1.6100E+02  1.2511E+02
  1.6100E+02  1.2511E+02
  1.6100E+02  1.2511E+02
  1.6100E+02  1.2511E+02
  1.6100E+02  1.2511E+02
  1.6100E+02  1.2511E+02
  1.6100E+02  1.2511E+02
  1.6200E+02  1.5751E+02
  1.6200E+02  1.5751E+02
  1.6200E+02  1.5751E+02
  1.6200E+02  1.5751E+02
  1.6200E+02  1.5751E+02
  1.6200E+02  1.5751E+02
  1.6200E+02  1.5751E+02
  1.6200E+02  1.5751E+02
  1.6200E+02  1.5751E+02
  1.6200E+02  1.5751E+02
  1.6300E+02  7.3897E+01
  1.6300E+02  7.3897E+01
  1.6300E+02  7.3897E+01
  1.6300E+02  7.3897E+01
  1.6300E+02  7.3897E+01
  1.6300E+02  7.3897E+01
  1.6300E+02  7.3897E+01
  1.6300E+02  7.3897E+01
  1.6300E+02  7.3897E+01
  1.6300E+02  7.3897E+01
  1.6400E+02  7.7355E+01
  1.6400E+02  7.7355E+01
  1.6400E+02  7.7355E+01
  1.6400E+02  7.7355E+01
  1.6400E+02  7.7355E+01
  1.6400E+02  7.7355E+01
  1.6400E+02  7.7355E+01
  1.6400E+02  7.7355E+01
  1.6400E+02  7.7355E+01
  1.6400E+02  7.7355E+01
  1.6500E+02  1.2694E+02
  1.6500E+02  1.2694E+02
  1.6500E+02  1.2694E+02
  1.6500E+02  1.2694E+02
  1.6500E+02  1.2694E+02
  1.6500E+02  1.2694E+02
  1.6500E+02  1.2694E+02
  1.6500E+02  1.2694E+02
  1.6500E+02  1.2694E+02
  1.6500E+02  1.2694E+02
  1.6600E+02  6.9800E+01
  1.6600E+02  6.9800E+01
  1.6600E+02  6.9800E+01
  1.6600E+02  6.9800E+01
  1.6600E+02  6.9800E+01
  1.6600E+02  6.9800E+01
  1.6600E+02  6.9800E+01
  1.6600E+02  6.9800E+01
  1.6600E+02  6.9800E+01
  1.6600E+02  6.9800E+01
  1.6700E+02  5.7254E+01
  1.6700E+02  5.7254E+01
  1.6700E+02  5.7254E+01
  1.6700E+02  5.7254E+01
  1.6700E+02  5.7254E+01
  1.6700E+02  5.7254E+01
  1.6700E+02  5.7254E+01
  1.6700E+02  5.7254E+01
  1.6700E+02  5.7254E+01
  1.6700E+02  5.7254E+01
  1.6800E+02  4.9624E+01
  1.6800E+02  4.9624E+01
  1.6800E+02  4.9624E+01
  1.6800E+02  4.9624E+01
  1.6800E+02  4.9624E+01
  1.6800E+02  4.9624E+01
  1.6800E+02  4.9624E+01
  1.6800E+02  4.9624E+01
  1.6800E+02  4.9624E+01
  1.6800E+02  4.9624E+01
  1.6900E+02  6.5422E+01
  1.6900E+02  6.5422E+01
  1.6900E+02  6.5422E+01
  1.6900E+02  6.5422E+01
  1.6900E+02  6.5422E+01
  1.6900E+02  6.5422E+01
  1.6900E+02  6.5422E+01
  1.6900E+02  6.5422E+01
  1.6900E+02  6.5422E+01
  1.6900E+02  6.5422E+01
  1.7000E+02  1.1211E+02
  1.7000E+02  1.1211E+02
  1.7000E+02  1.1211E+02
  1.7000E+02  1.1211E+02
  1.7000E+02  1.1211E+02
  1.7000E+02  1.1211E+02
  1.7000E+02  1.1211E+02
  1.7000E+02  1.1211E+02
  1.7000E+02  1.1211E+02
  1.7000E+02  1.1211E+02
  1.7100E+02  7.7681E+01
  1.7100E+02  7.7681E+01
  1.7100E+02  7.7681E+01
  1.7100E+02  7.7681E+01
  1.7100E+02  7.7681E+01
  1.7100E+02  7.7681E+01
  1.7100E+02  7.7681E+01
  1.7100E+02  7.7681E+01
  1.7100E+02  7.7681E+01
  1.7100E+02  7.7681E+01
  1.7200E+02  1.0891E+02
  1.7200E+02  1.0891E+02
  1.7200E+02  1.0891E+02
  1.7200E+02  1.0891E+02
  1.7200E+02  1.0891E+02
  1.7200E+02  1.0891E+02
  1.7200E+02  1.0891E+02
  1.7200E+02  1.0891E+02
  1.7200E+02  1.0891E+02
  1.7200E+02  1.0891E+02
  1.7300E+02  1.2110E+02
  1.7300E+02  1.2110E+02
  1.7300E+02  1.2110E+02
  1.7300E+02  1.2110E+02
  1.7300E+02  1.2110E+02
  1.7300E+02  1.2110E+02
  1.7300E+02  1.2110E+02
  1.7300E+02  1.2110E+02
  1.7300E+02  1.2110E+02
  1.7300E+02  1.2110E+02
  1.7400E+02  8.5355E+01
  1.7400E+02  8.5355E+01
  1.7400E+02  8.5355E+01
  1.7400E+02  8.5355E+01
  1.7400E+02  8.5355E+01
  1.7400E+02  8.5355E+01
  1.7400E+02  8.5355E+01
  1.7400E+02  8.5355E+01
  1.7400E+02  8.5355E+01
  1.7400E+02  8.5355E+01
  1.7500E+02  4.1232E+01
  1.7500E+02  4.1232E+01
  1.7500E+02  4.1232E+01
  1.7500E+02  4.1232E+01
  1.7500E+02  4.1232E+01
  1.7500E+02  4.1232E+01
  1.7500E+02  4.1232E+01
  1.7500E+02  4.1232E+01
  1.7500E+02  4.1232E+01
  1.7500E+02  4.1232E+01
  1.7600E+02  9.7823E+01
  1.7600E+02  9.7823E+01
  1.7600E+02  9.7823E+01
  1.7600E+02  9.7823E+01
  1.7600E+02  9.7823E+01
  1.7600E+02  9.7823E+01
  1.7600E+02  9.7823E+01
  1.7600E+02  9.7823E+01
  1.7600E+02  9.7823E+01
  1.7600E+02  9.7823E+01
  1.7700E+02  1.2715E+02
  1.7700E+02  1.2715E+02
  1.7700E+02  1.2715E+02
  1.7700E+02  1.2715E+02
  1.7700E+02  1.2715E+02
  1.7700E+02  1.2715E+02
  1.7700E+02  1.2715E+02
  1.7700E+02  1.2715E+02
  1.7700E+02  1.2715E+02
  1.7700E+02  1.2715E+02
  1.7800E+02  5.4868E+01
  1.7800E+02  5.4868E+01
  1.7800E+02  5.4868E+01
  1.7800E+02  5.4868E+01
  1.7800E+02  5.4868E+01
  1.7800E+02  5.4868E+01
  1.7800E+02  5.4868E+01
  1.7800E+02  5.4868E+01
  1.7800E+02  5.4868E+01
  1.7800E+02  5.4868E+01
  1.7900E+02  5.5928E+01
  1.7900E+02  5.5928E+01
  1.7900E+02  5.5928E+01
  1.7900E+02  5.5928E+01
  1.7900E+02  5.5928E+01
  1.7900E+02  5.5928E+01
  1.7900E+02  5.5928E+01
  1.7900E+02  5.5928E+01
  1.7900E+02  5.5928E+01
  1.7900E+02  5.5928E+01
  1.8000E+02  6.2832E+01
  1.8000E+02  6.2832E+01
  1.8000E+02  6.2832E+01
  1.8000E+02  6.2832E+01
  1.8000E+02  6.2832E+01
  1.8000E+02  6.2832E+01
  1.8000E+02  6.2832E+01
  1.8000E+02  6.2832E+01
  1.8000E+02  6.2832E+01
  1.8000E+02  6.2832E+01
  1.8100E+02  8.0796E+01
  1.8100E+02  8.0796E+01
  1.8100E+02  8.0796E+01
  1.8100E+02  8.0796E+01
  1.8100E+02  8.0796E+01
  1.8100E+02  8.0796E+01
  1.8100E+02  8.0796E+01
  1.8100E+02  8.0796E+01
  1.8100E+02  8.0796E+01
  1.8100E+02  8.0796E+01
  1.8200E+02  7.6139E+01
  1.8200E+02  7.6139E+01
  1.8200E+02  7.6139E+01
  1.8200E+02  7.6139E+01
  1.8200E+02  7.6139E+01
  1.8200E+02  7.6139E+01
  1.8200E+02  7.6139E+01
  1.8200E+02  7.6139E+01
  1.8200E+02  7.6139E+01
  1.8200E+02  7.6139E+01
  1.8300E+02  1.0301E+02
  1.8300E+02  1.0301E+02
  1.8300E+02  1.0301E+02
  1.8300E+02  1.0301E+02
  1.8300E+02  1.0301E+02
  1.8300E+02  1.0301E+02
  1.8300E+02  1.0301E+02
  1.8300E+02  1.0301E+02
  1.8300E+02  1.0301E+02
  1.8300E+02  1.0301E+02
  1.8400E+02  5.0422E+01
  1.8400E+02  5.0422E+01
  1.8400E+02  5.0422E+01
  1.8400E+02  5.0422E+01
  1.8400E+02  5.0422E+01
  1.8400E+02  5.0422E+01
  1.8400E+02  5.0422E+01
  1.8400E+02  5.0422E+01
  1.8400E+02  5.0422E+01
  1.8400E+02  5.0422E+01
  1.8500E+02  4.7961E+01
  1.8500E+02  4.7961E+01
  1.8500E+02  4.7961E+01
  1.8500E+02  4.7961E+01
  1.8500E+02  4.7961E+01
  1.8500E+02  4.7961E+01
  1.8500E+02  4.7961E+01
  1.8500E+02  4.7961E+01
  1.8500E+02  4.7961E+01
  1.8500E+02  4.7961E+01
  1.8600E+02  7.2422E+01
  1.8600E+02  7.2422E+01
  1.8600E+02  7.2422E+01
  1.8600E+02  7.2422E+01
  1.8600E+02  7.2422E+01
  1.8600E+02  7.2422E+01
  1.8600E+02  7.2422E+01
  1.8600E+02  7.2422E+01
  1.8600E+02  7.2422E+01
  1.8600E+02  7.2422E+01
  1.8700E+02  7.4126E+01
  1.8700E+02  7.4126E+01
  1.8700E+02  7.4126E+01
  1.8700E+02  7.4126E+01
  1.8700E+02  7.4126E+01
  1.8700E+02  7.4126E+01
  1.8700E+02  7.4126E+01
  1.8700E+02  7.4126E+01
  1.8700E+02  7.4126E+01
  1.8700E+02  7.4126E+01
  1.8800E+02  1.3048E+02
  1.8800E+02  1.3048E+02
  1.8800E+02  1.3048E+02
  1.8800E+02  1.3048E+02
  1.8800E+02  1.3048E+02
  1.8800E+02  1.3048E+02
  1.8800E+02  1.3048E+02
  1.8800E+02  1.3048E+02
  1.8800E+02  1.3048E+02
  1.8800E+02  1.3048E+02
  1.8900E+02  9.0625E+01
  1.8900E+02  9.0625E+01
  1.8900E+02  9.0625E+01
  1.8900E+02  9.0625E+01
  1.8900E+02  9.0625E+01
  1.8900E+02  9.0625E+01
  1.8900E+02  9.0625E+01
  1.8900E+02  9.0625E+01
  1.8900E+02  9.0625E+01
  1.8900E+02  9.0625E+01
  1.9000E+02  1.0600E+02
  1.9000E+02  1.0600E+02
  1.9000E+02  1.0600E+02
  1.9000E+02  1.0600E+02
  1.9000E+02  1.0600E+02
  1.9000E+02  1.0600E+02
  1.9000E+02  1.0600E+02
  1.9000E+02  1.0600E+02
  1.9000E+02  1.0600E+02
  1.9000E+02  1.0600E+02
  1.9100E+02  7.4365E+01
  1.9100E+02  7.4365E+01
  1.9100E+02  7.4365E+01
  1.9100E+02  7.4365E+01
  1.9100E+02  7.4365E+01
  1.9100E+02  7.4365E+01
  1.9100E+02  7.4365E+01
  1.9100E+02  7.4365E+01
  1.9100E+02  7.4365E+01
  1.9100E+02  7.4365E+01
  1.9200E+02  1.2680E+02
  1.9200E+02  1.2680E+02
  1.9200E+02  1.2680E+02
  1.9200E+02  1.2680E+02
  1.9200E+02  1.2680E+02
  1.9200E+02  1.2680E+02
  1.9200E+02  1.2680E+02
  1.9200E+02  1.2680E+02
  1.9200E+02  1.2680E+02
  1.9200E+02  1.2680E+02
  1.9300E+02  8.3762E+01
  1.9300E+02  8.3762E+01
  1.9300E+02  8.3762E+01
  1.9300E+02  8.3762E+01
  1.9300E+02  8.3762E+01
  1.9300E+02  8.3762E+01
  1.9300E+02  8.3762E+01
  1.9300E+02  8.3762E+01
  1.9300E+02  8.3762E+01
  1.9300E+02  8.3762E+01
  1.9400E+02  5.2590E+01
  1.9400E+02  5.2590E+01
  1.9400E+02  5.2590E+01
  1.9400E+02  5.2590E+01
  1.9400E+02  5.2590E+01
  1.9400E+02  5.2590E+01
  1.9400E+02  5.2590E+01
  1.9400E+02  5.2590E+01
  1.9400E+02  5.2590E+01
  1.9400E+02  5.2590E+01
  1.9500E+02  7.7489E+01
  1.9500E+02  7.7489E+01
  1.9500E+02  7.7489E+01
  1.9500E+02  7.7489E+01
  1.9500E+02  7.7489E+01
  1.9500E+02  7.7489E+01
  1.9500E+02  7.7489E+01
  1.9500E+02  7.7489E+01
  1.9500E+02  7.7489E+01
  1.9500E+02  7.7489E+01
  1.9600E+02  7.1977E+01
  1.9600E+02  7.1977E+01
  1.9600E+02  7.1977E+01
  1.9600E+02  7.1977E+01
  1.9600E+02  7.1977E+01
  1.9600E+02  7.1977E+01
  1.9600E+02  7.1977E+01
  1.9600E+02  7.1977E+01
  1.9600E+02  7.1977E+01
  1.9600E+02  7.1977E+01
  1.9700E+02  7.2953E+01
  1.9700E+02  7.2953E+01
  1.9700E+02  7.2953E+01
  1.9700E+02  7.2953E+01
  1.9700E+02  7.2953E+01
  1.9700E+02  7.2953E+01
  1.9700E+02  7.2953E+01
  1.9700E+02  7.2953E+01
  1.9700E+02  7.2953E+01
  1.9700E+02  7.2953E+01
  1.9800E+02  1.4854E+02
  1.9800E+02  1.4854E+02
  1.9800E+02  1.4854E+02
  1.9800E+02  1.4854E+02
  1.9800E+02  1.4854E+02
  1.9800E+02  1.4854E+02
  1.9800E+02  1.4854E+02
  1.9800E+02  1.4854E+02
  1.9800E+02  1.4854E+02
  1.9800E+02  1.4854E+02
  1.9900E+02  5.0793E+01
  1.9900E+02  5.0793E+01
  1.9900E+02  5.0793E+01
  1.9900E+02  5.0793E+01
  1.9900E+02  5.0793E+01
  1.9900E+02  5.0793E+01
  1.9900E+02  5.0793E+01
  1.9900E+02  5.0793E+01
  1.9900E+02  5.0793E+01
  1.9900E+02  5.0793E+01
  2.0000E+02  5.3571E+01
  2.0000E+02  5.3571E+01
  2.0000E+02  5.3571E+01
  2.0000E+02  5.3571E+01
  2.0000E+02  5.3571E+01
  2.0000E+02  5.3571E+01
  2.0000E+02  5.3571E+01
  2.0000E+02  5.3571E+01
  2.0000E+02  5.3571E+01
  2.0000E+02  5.3571E+01
